   9.8623729e-03  -9.2730862e-08  -2.9410012e-07  -3.2716289e-07  -6.5574243e-07   7.6110473e-07   3.4577490e-14  -7.6668198e-15  -2.8517874e-14   8.3715352e-15   1.4954148e-14  -2.1900037e-14   5.6881615e-07  -4.5550325e-07  -5.3413681e-06  -5.1011841e-06   2.8273337e-06  -4.5912292e-06   5.4562957e-15   2.1089351e-15  -1.3659346e-14  -1.2428089e-14  -3.6979575e-15   1.1178338e-14   8.0305876e-07  -2.1140576e-06  -3.5822560e-06   2.2823321e-06   1.0237408e-06  -6.0548248e-06   1.2361868e-14   2.0271571e-14   1.1383474e-14   6.2940385e-15  -1.6656392e-14   6.3054619e-15  -1.1369488e-07  -1.8812059e-06  -2.7667297e-06   1.0830409e-06  -1.9607065e-06  -8.3820456e-07  -2.4697136e-14   1.2483329e-14   6.7665374e-15   1.1980426e-14  -1.2214978e-14  -5.0730028e-15  -8.4572916e-07  -9.7780731e-07   1.6845260e-06   3.4308688e-06  -4.5136682e-06   4.5762334e-06  -8.2552312e-15  -3.6888082e-15  -4.5901758e-15   8.0916806e-15   1.3137854e-14  -1.5214165e-14   7.9915517e-07   6.9171760e-07  -5.2340768e-07  -1.0070669e-06   3.0268285e-06  -3.4596833e-06  -4.8318387e-16   1.5488944e-14   7.0987407e-16  -4.3091189e-15  -4.9863112e-15  -4.5726613e-15   7.7530602e-15  -3.1349939e-15   4.0294177e-15   2.3758717e-14  -1.3251618e-14   2.5737922e-15   2.9208118e-03  -1.6681048e-03   5.2908990e-04  -8.1008862e-04  -1.1517011e-03   8.2909989e-04   1.4334677e-14   1.0328580e-14   3.4864981e-15   2.0596759e-14  -1.6054697e-14  -5.9205729e-16   1.9699695e-03  -4.5417195e-04  -8.6224758e-04   6.5108959e-05  -1.3583694e-03  -2.1652204e-03   2.1410354e-14   1.7588505e-14  -2.3423257e-15   7.5314590e-15   8.1533593e-15  -2.0636797e-14  -2.8990361e-03  -2.6932296e-03  -6.9835041e-04  -9.6637015e-04   2.1319220e-03  -2.4190269e-03   1.2719744e-15   4.7241980e-15   2.2487791e-14   7.6755260e-15  -9.4543256e-15   9.4622480e-16  -9.1538564e-05   1.1500142e-03   3.6664300e-03   8.1771521e-04  -8.8710849e-04  -7.6291484e-05   3.0944276e-14   1.4297498e-15  -1.6874808e-14   2.8159390e-15   4.2718234e-15  -3.3318340e-15   2.3049579e-03   2.0059267e-03  -2.7574208e-03  -1.7217722e-03   1.0006386e-03  -5.6423422e-04   1.2351284e-14  -6.0813023e-15  -3.2639280e-15  -4.6926624e-15   1.5110287e-14   2.0126040e-14   1.5267926e-03   1.2953606e-03  -7.1544121e-04   6.0524811e-04   8.8697716e-04   1.0126729e-03
  -9.2730862e-08   9.8631239e-03   8.4351080e-07   1.2403725e-06   8.8092378e-08  -4.8736817e-07  -2.3422446e-14   2.8720717e-14  -1.7989550e-14  -2.5267109e-14  -9.2404576e-15  -1.0200380e-14  -1.3058816e-06   4.4872758e-06   3.4077025e-06   4.2267313e-06   8.0467148e-06  -1.9017177e-07   9.2236523e-15  -4.3488351e-15   1.5402996e-15   2.3812334e-16  -1.2995143e-14   2.0821769e-14   2.1905774e-06  -8.4026326e-08  -2.9197810e-06  -1.5093053e-06   3.8855579e-06  -3.2723095e-07  -9.0688096e-15   6.0392278e-15  -6.5293491e-15  -6.8196515e-15   1.2541494e-14   1.0581293e-14   1.2217233e-06   1.7000832e-06   4.8161206e-07   2.9275613e-06   1.8771658e-06  -2.0510462e-06  -1.8817685e-14  -5.1048483e-15   8.1035572e-15  -1.1440382e-14   5.0838329e-15   4.5250703e-15   1.2685684e-06  -7.6824840e-07  -2.5965626e-07   1.4662366e-06  -4.5473069e-06  -2.1376277e-06  -1.3515183e-14  -8.1220918e-15  -3.1453658e-15  -5.9999252e-15   6.2272018e-15   1.0079303e-14  -2.1009875e-07  -6.9652307e-07  -1.1561470e-06  -2.6926731e-06   2.1512107e-06   1.8164603e-06  -1.2693625e-14  -1.4731952e-14  -2.0674787e-14   1.0718410e-14  -1.2002696e-14   1.0046012e-14   1.3667313e-14   1.7417258e-15   1.6198351e-15  -2.6286711e-15  -7.3667026e-15   6.1427001e-15   8.9947532e-04   1.1583231e-03  -2.9919240e-03   8.0798291e-05  -1.5179235e-03  -3.3051483e-03   7.5725275e-16   1.2617525e-14  -1.1718703e-14  -5.0592053e-15  -3.9208425e-15   5.9907951e-15   1.9404109e-03   2.4025358e-04   5.9930384e-04  -2.3637958e-03   1.3081374e-03   4.1148683e-03   2.5784636e-15   1.5431027e-14  -1.6139289e-14   1.2588257e-15   4.0000993e-15   3.7913925e-15  -1.7978341e-03  -7.5802461e-04  -2.2112752e-03  -9.1820551e-04   7.5444602e-04  -1.3982391e-03  -2.4291085e-15  -7.2120753e-15   1.0033058e-15   7.8800398e-15   2.4641711e-15  -2.2466201e-15  -8.5668687e-04  -3.0312428e-03  -7.6528624e-04   7.0785660e-04  -1.4512288e-03  -3.5328598e-04   3.4339960e-15  -2.9798962e-15  -1.5877064e-14  -1.2243193e-14   2.1975255e-14   2.0068602e-14   2.6408705e-05  -2.2537321e-04  -2.0756296e-03   1.4290691e-03   1.9748358e-04   7.7402755e-04  -1.5123262e-14   1.9591359e-14   2.1234556e-14  -1.7888943e-14  -1.2641477e-14   1.6533583e-16  -2.5660489e-03   1.8498831e-03   4.8361797e-04  -3.8577070e-04  -1.3361843e-03  -1.1302891e-04
  -2.9410012e-07   8.4351080e-07   9.8609060e-03  -5.5178132e-07  -9.6708402e-07   3.1025670e-08   5.4038718e-15   3.8539512e-14   8.7198972e-15   1.9162306e-14  -2.4489488e-14  -1.6028709e-15  -6.0858134e-06   2.7461786e-06  -6.2008352e-06  -4.3054251e-06  -1.2249495e-06   5.1174908e-06   1.1661610e-14  -3.6394746e-15   1.9103638e-15   2.8521190e-15  -1.3295801e-14   7.7321018e-15   1.8633456e-07   4.2888188e-07   2.1803249e-06  -2.4396347e-06   4.7091985e-06   1.9328705e-06  -2.1929908e-15   1.7223012e-14   1.8545808e-14   1.3395837e-15  -1.1717952e-14   7.4952707e-15  -5.0293808e-08   2.8954833e-06  -3.2557366e-06  -3.0236308e-06  -1.0004125e-08   5.7348166e-07  -5.6964716e-15  -9.4804122e-15   1.8264107e-15   6.8156888e-16   3.6734331e-15  -2.1084644e-14   3.6511171e-06   1.4877718e-06  -9.1859217e-07   2.2937684e-07  -1.3453307e-06  -3.3789691e-06  -1.4021416e-14   2.1036213e-14  -8.8558026e-15  -1.0551192e-14  -1.2803713e-15  -1.8907849e-14  -1.3128986e-06  -1.8576453e-06   2.7642046e-06   5.5256869e-07   2.1774177e-06   1.7976216e-06  -7.1294059e-15   2.6749951e-14   1.3174050e-14   5.7464676e-15  -8.6635185e-15  -1.6825435e-14   4.1486152e-15  -8.8692268e-15  -5.4741134e-15  -6.6649183e-16   1.9385131e-14   1.9574343e-14   3.3431073e-04   8.6567380e-04  -1.6424941e-03  -2.4523940e-04  -4.9143028e-05   1.8904897e-03   4.6352963e-15   1.6168526e-14   1.9095831e-14  -1.0940798e-14  -9.0678121e-15  -5.3133501e-15   1.0306422e-03   3.5781285e-03   1.5681410e-04  -3.0598905e-04   2.2232702e-04  -8.8622948e-04   1.1113314e-15  -3.6254103e-15   1.8716276e-14   1.1206563e-14   5.2452137e-15  -6.9411377e-15  -8.5415433e-04   1.9114821e-03  -8.9286350e-04  -6.4594633e-04   1.1957357e-03  -1.0486620e-03   2.0947539e-14   1.8653061e-14   1.4171812e-14   2.9182029e-14  -4.7532879e-15  -1.2087894e-14   3.0139880e-03   2.9467444e-03   5.5187177e-05  -8.5191731e-04   4.5217879e-04  -3.9764688e-03  -3.2829302e-15  -1.7984967e-15   3.2651249e-14  -3.6053807e-15   8.1417925e-15  -6.6794935e-15   3.1098534e-04   2.5023497e-03   2.8074869e-03   1.7052682e-03   2.6015938e-04  -1.0044257e-03  -1.3004711e-14   1.4173345e-14   3.3324835e-14   4.6604696e-15  -2.6272411e-14  -2.1979238e-14  -1.6656359e-03   1.8380268e-03   2.2093938e-03  -8.0469942e-04  -1.1589270e-03  -1.1550079e-03
  -3.2716289e-07   1.2403725e-06  -5.5178132e-07   9.8627507e-03   3.7650516e-07   5.5278538e-07   2.4867401e-14  -1.5125073e-14   7.4423067e-15   1.8506238e-15   1.9238296e-14  -1.8295248e-14  -3.8216077e-06   4.4575503e-06  -5.0988013e-06   6.4711836e-06  -1.3712075e-06  -2.4355660e-06   7.4480803e-15  -3.2084233e-15   1.2028831e-14  -5.9600270e-15  -1.4264868e-14   1.1814772e-14  -4.1951504e-06  -2.6777164e-06   1.5763857e-06   2.0739120e-06  -3.3446407e-06  -4.6902014e-07  -1.6369567e-16  -5.1291559e-15  -1.6282319e-15   1.7187595e-14  -1.6617037e-14  -1.6536222e-14  -3.5861615e-06   2.0853440e-06  -1.2871118e-07   1.5215229e-06  -6.0368299e-07   2.0271205e-06  -1.7232071e-15  -3.7039866e-15  -1.6414399e-15   2.0050192e-14  -1.3931844e-14  -1.7443697e-14   5.0638868e-08   8.5654570e-07   2.3251009e-06  -3.1748953e-06   1.6376159e-06   4.1005129e-06  -1.4095091e-14   2.8483450e-15   2.0769810e-14  -6.3630154e-15   1.8452959e-14   1.6055473e-14   3.4991658e-07  -2.4479135e-06  -2.8872945e-07   1.1240054e-06  -1.6399029e-06  -2.7791581e-06  -1.5587912e-15   1.5775251e-14   8.5506338e-15   2.4710653e-15  -6.4849033e-16  -1.6555728e-14   7.5324479e-15  -9.1207085e-15   1.7017142e-14  -8.0597839e-15  -1.2307732e-14  -3.1887286e-16  -1.8700353e-03  -1.1505268e-03   9.8168217e-04   2.3869496e-03  -2.1411519e-03  -1.4637897e-03  -2.1086041e-15  -6.2521746e-15   4.0612859e-15   1.9440825e-14  -1.0273982e-14   8.3860870e-15   1.0753398e-03   1.0351122e-04   4.2960298e-03  -3.9342352e-04   8.7622077e-04   2.7574910e-03   1.2848448e-14  -6.4037882e-15   1.5480539e-14   1.7359388e-14  -3.3537496e-15  -8.2819189e-15  -1.8781797e-03  -5.8000639e-04   1.4016027e-03   1.1514459e-03  -1.5838990e-05  -1.0698527e-03   2.8584013e-15  -6.1816286e-16   9.4317377e-16  -6.9224605e-16  -1.5674818e-15   2.1763035e-15   9.9359963e-05   3.4327386e-03  -4.6127110e-04   9.0452749e-04  -8.3778392e-05  -1.5553204e-03   2.3675424e-15   4.2685193e-15   1.4255695e-14   2.4218409e-14  -1.2718026e-14  -1.2681701e-14  -8.6105539e-05  -7.8390627e-04   6.9519725e-05  -6.5193971e-04  -1.2875668e-03  -3.4169688e-03   2.8304904e-14  -9.1393914e-15  -9.6102517e-15   1.5336481e-14   3.2607975e-15   6.0067162e-15   2.0757175e-03  -1.1672476e-03  -2.1181935e-03   3.5013186e-04   3.4939133e-04  -1.6056950e-03
  -6.5574243e-07   8.8092378e-08  -9.6708402e-07   3.7650516e-07   9.8627834e-03   5.0371397e-07   8.1296445e-15   8.5682465e-15   2.2980336e-15   2.3139678e-14   1.4946255e-14   2.2018663e-14   1.9975147e-06   8.2206469e-06  -4.2714340e-07  -1.8581950e-06  -2.2418586e-06   9.7817949e-07  -2.3012191e-14   8.1771501e-15  -7.6710744e-15   1.4805512e-14   1.0044837e-14   1.4736824e-15   5.2242927e-06   3.0050560e-06   6.7069860e-07  -8.7960087e-07  -1.9297959e-06  -3.4919828e-06  -6.7977242e-15  -6.5806036e-15  -1.0287353e-14   9.3910291e-15   1.9581350e-14  -7.5156210e-15   1.0672098e-06   1.2424305e-06  -2.9210631e-06   1.1732445e-06  -4.8623520e-09  -5.8401462e-07   1.7688442e-14   2.6592333e-15   1.2343809e-14   2.4310668e-15  -1.6933730e-15  -1.1901613e-14  -2.3216373e-06  -5.0067340e-06  -3.4528058e-06   2.9239583e-06   2.2507648e-06   2.6194281e-07   1.9099338e-14   3.2978040e-15   9.0379919e-15  -2.5848386e-15  -1.1150692e-14  -9.4020635e-15   2.1468389e-06   2.3357138e-06   3.0234378e-06  -2.1563286e-06  -1.5076133e-06  -1.1667308e-06  -1.9886201e-15   8.6031733e-15  -3.5686990e-15   1.7714391e-14   1.2241704e-14  -1.4365364e-14  -1.7453365e-15  -2.9466404e-15  -2.3287026e-14  -2.7107323e-15   1.3331281e-14  -1.5670614e-14  -6.2309165e-04  -2.2524407e-03  -3.2004646e-03  -2.1900949e-04   1.0916174e-03  -1.9208725e-03   6.5297105e-15  -1.7899275e-15  -2.0979661e-14   1.1266459e-14   2.5986334e-14  -3.0947867e-15   1.3042505e-03  -4.7424838e-04  -7.4014563e-04  -8.7374095e-04   2.0624797e-03  -1.2168706e-05   4.2399224e-15   2.9790698e-16   1.0066854e-14   1.0334851e-14   1.7108151e-14   7.4200716e-15   4.8459455e-03   6.0113664e-04  -6.3649357e-04   4.0884074e-04  -1.5668996e-03   2.7904579e-04  -6.9311315e-15   1.1346988e-14   4.7585161e-15  -2.8896856e-15  -2.2778766e-15  -2.2701825e-14  -9.6713085e-04   1.4588353e-04   1.3802186e-03  -3.8287771e-05  -4.1140615e-04  -2.8041800e-03   1.0188211e-14   2.2390013e-14   2.5971955e-16   3.4695222e-15   1.2101636e-14  -8.7607895e-16  -4.9351824e-04   3.7673489e-03  -1.2741315e-03  -8.6345300e-04   2.6194226e-04  -8.3756102e-04   6.4907714e-15  -2.0343314e-14  -1.3240696e-14  -4.6927834e-15   2.7550544e-14   2.5017805e-14   1.4262112e-03  -1.3709830e-03   1.7570359e-04   2.8541579e-03   1.2344188e-03   3.3729485e-04
   7.6110473e-07  -4.8736817e-07   3.1025670e-08   5.5278538e-07   5.0371397e-07   9.8629870e-03   2.6612305e-14  -1.1807456e-14  -1.2680324e-14   1.7282864e-15   1.8875671e-14   3.6865159e-14  -5.1474313e-06  -8.7805731e-07   4.9479073e-06  -1.5514248e-06   1.9316584e-07  -3.1454175e-06  -4.2724498e-15   1.6115845e-14   1.1284163e-14   1.3328677e-14  -9.1711573e-15   1.5348683e-14  -3.2394902e-06   3.1548230e-06   2.7911827e-06  -4.9445015e-06   4.8175623e-07  -3.0428582e-06   1.8074881e-14  -1.0592035e-14   1.2053768e-14   1.0684195e-14   7.0684945e-15   6.1379258e-15   1.1911505e-06   4.5896136e-07   1.1922040e-06  -1.1989198e-06   2.2804270e-06   1.3075887e-07   1.5963694e-15  -7.8989119e-15  -8.9073954e-15  -1.4071640e-15   2.2301978e-14   5.7950452e-15   6.0454287e-06  -3.2051290e-07  -2.9310846e-06   1.7650032e-06   2.3356138e-06   3.4684613e-06  -1.0432075e-14  -1.5725007e-14   1.8356449e-14   8.1869321e-15  -2.2604345e-15  -5.2047200e-15  -4.0495002e-06   1.0870374e-06   1.6178315e-06  -1.8416561e-06  -1.9991782e-06  -2.4689359e-06   4.7588960e-15  -2.4619292e-14  -1.2804685e-15  -1.4317819e-15   1.4301449e-14   9.1862777e-15  -5.0895972e-16  -3.5538290e-15   4.0390592e-15   6.1234232e-15  -3.7110166e-15   1.4752450e-14   2.6589284e-03   1.6811515e-03  -5.1713959e-04   9.4954763e-04   9.4182669e-05   1.2498802e-03   2.5000583e-16  -1.9541909e-14  -1.5358314e-14  -7.0013654e-16   2.5804529e-14   3.1086717e-14   1.6086991e-03   5.7273353e-05  -6.0946449e-04   1.2255618e-03   1.1446867e-04   1.6009127e-03   6.5295924e-15  -6.4714805e-15  -9.5013227e-15  -1.5326606e-14   1.5360139e-15   1.4076171e-14  -1.8643292e-03  -1.2258022e-03  -1.6458734e-03   4.7234059e-04   2.5342978e-03  -1.6681108e-04  -9.9682880e-15   7.8895048e-15  -6.9801597e-15   4.1012574e-15  -8.0935057e-15   7.2590806e-15   9.4895914e-04  -9.2271540e-04  -1.9245749e-03  -1.1138407e-03  -3.2839179e-04   5.4833670e-04  -2.8397023e-14  -2.2839375e-15   2.1566698e-14  -1.6453858e-14   6.9952044e-15  -1.3590016e-15  -2.9963161e-03   1.3169792e-03   2.2497690e-03  -8.8546399e-05  -1.2224505e-03   1.2368614e-03   5.2556859e-15  -3.0137783e-14  -1.0672968e-14   2.7052254e-14   2.0658623e-14   3.7957083e-14   2.5422232e-03  -4.3520678e-03   8.7392313e-04   3.1749824e-03   7.3019074e-04   7.4110606e-04
   3.4577490e-14  -2.3422446e-14   5.4038718e-15   2.4867401e-14   8.1296445e-15   2.6612305e-14   5.3075985e-03   4.2372848e-04  -7.7868922e-04   1.9416030e-04   7.2345925e-05   8.0169433e-04  -1.4174923e-14  -1.2718043e-14   2.2163514e-14  -3.4484680e-15  -1.5809718e-14  -6.1735715e-15  -2.9079103e-03  -1.6221011e-03   2.4382526e-03   9.6748487e-04  -7.9557317e-04   4.1468559e-04   2.1516990e-15   1.5673546e-14  -1.9205404e-15  -4.0508767e-15  -9.5721323e-15  -5.7368116e-15  -1.5251947e-03   2.0972032e-03  -1.4308156e-03  -1.8512832e-03  -1.3280321e-04  -2.0348715e-03   1.9661246e-14   3.3708734e-15   1.0902773e-14  -1.6825147e-15  -3.2471614e-15  -3.5084864e-15  -3.0009106e-05   3.7157916e-03  -2.2913609e-03  -5.4870673e-04  -4.7146345e-04  -4.2754510e-03  -8.4028703e-15  -6.4746480e-15  -1.0705831e-14   8.5042916e-16   1.7523607e-14   2.3490788e-15   2.4473184e-03   6.3083718e-05  -8.1763162e-04   3.3913303e-04  -7.6153512e-04   4.8589095e-04  -8.1414884e-15   8.4356835e-15  -7.2389821e-15  -1.6652442e-14   1.8977470e-14   7.4558571e-15   1.4547112e-03   5.0034647e-04  -1.6629982e-03  -9.9326904e-04   1.3905708e-03   3.1530188e-03   2.1118941e-18   4.8845573e-18  -5.3337436e-18   1.2673423e-17  -2.3131095e-18   2.8319283e-18   1.0955295e-14   2.0586156e-15   1.0034598e-14   8.4452059e-15  -1.6124010e-14   1.6459259e-14   8.5942239e-18  -1.2791546e-17  -9.0789380e-19  -1.6200929e-18  -3.9636487e-18   1.7000590e-18   2.5607282e-14  -7.1021567e-15   1.7281095e-14   1.3702396e-14  -1.4998514e-14  -3.5557236e-16  -5.7351231e-18  -6.1064895e-18  -4.6687783e-18   5.2941105e-18   7.3230703e-18  -4.6530205e-18   1.1691184e-14  -1.0322971e-16  -6.5397445e-16  -9.6504113e-15   1.3310406e-14  -1.1746155e-14  -3.5401218e-18   5.5697123e-19   9.8329873e-18   6.6811345e-18  -9.6436340e-19   1.5537492e-18  -9.5627381e-15   1.5554284e-14   1.2056498e-14   3.9168293e-15  -1.0258540e-14  -5.8550351e-15   6.5899358e-18   6.3772801e-18   2.6456338e-18   1.4232393e-18   2.3375551e-18  -1.0167303e-17   1.5540135e-14   1.1598011e-14   1.5570572e-14  -6.0437699e-15  -1.3224100e-14  -1.1032301e-14   4.6198625e-18  -6.5011982e-19  -1.9889095e-18   2.4746704e-18   1.2503540e-17   1.1264473e-17   3.8043124e-14  -8.5951851e-15   5.9311452e-15   7.8015176e-15   1.9038596e-15   1.9029917e-14
  -7.6668198e-15   2.8720717e-14   3.8539512e-14  -1.5125073e-14   8.5682465e-15  -1.1807456e-14   4.2372848e-04   5.4009301e-03   5.6252483e-04  -8.7396541e-04  -3.3125355e-04  -5.0524350e-04  -6.7869978e-15  -2.3664724e-15   1.1714012e-14   9.6011144e-15  -8.9212069e-15   4.6170027e-15   1.2753480e-03   2.9283575e-03   4.6287091e-03  -2.9056341e-04  -1.9437679e-04   3.8305516e-03  -3.3384439e-15  -1.5072104e-14   1.6935806e-14   1.9774236e-15  -1.2175965e-15   1.0220064e-14  -1.9518871e-03   6.0991917e-04   2.1612341e-03   9.4012878e-04   1.0613097e-04  -5.1941798e-04  -1.3938444e-14   1.4298191e-14   2.1283755e-14   1.8054366e-15  -1.5045830e-14  -3.4205938e-15  -3.5974633e-03   1.2092476e-03   2.1653619e-03  -7.0470407e-04  -9.7345467e-04  -9.2670669e-04   1.6981062e-14   1.8607853e-14  -1.9978000e-14  -1.7387493e-15   3.2091540e-15  -1.7143730e-14   2.1987751e-04  -6.8918932e-04  -1.8220856e-03  -9.1998058e-04   1.1016116e-03  -1.8029778e-03   3.9535753e-15  -4.0415550e-15   2.6666597e-14   1.8666144e-14  -2.1579341e-14  -1.5908515e-14   1.6323114e-03   2.5941157e-03   1.1075216e-03  -2.9296226e-04  -9.8433133e-04  -1.0077546e-03  -8.1498761e-18   2.1444233e-17  -3.4748063e-18   9.5715107e-18  -1.8023837e-18   6.3348810e-18   6.1252358e-15   1.9123223e-14   2.8187626e-15   2.5021390e-15   1.6725230e-14  -4.7782551e-15   1.0013132e-17  -2.3222303e-17   1.5649619e-17  -1.3110632e-17  -6.6431077e-18  -8.6138454e-19   1.1479145e-15   4.2946305e-14   6.3548045e-15  -4.0307693e-15   1.6088203e-14   2.4816518e-14  -8.1514727e-18  -1.1605646e-18   7.2495989e-18   2.9211266e-18   8.7611764e-18  -6.4821886e-18   5.8003418e-15   1.9605644e-14  -5.2992746e-15   1.6900701e-15   2.2286635e-15  -7.5752827e-15   9.6597004e-18  -1.0528303e-18   2.6062188e-17   1.5438890e-17   1.5406278e-17  -6.3674560e-18   8.3174326e-15  -7.5674056e-15   8.9355688e-15  -1.1812985e-14   2.0121492e-15  -3.2865193e-15   1.4944474e-18  -4.6588388e-18   1.4610782e-17   1.7713094e-17   7.4121443e-18  -2.1010253e-18  -2.4057025e-15   3.3378049e-14  -4.1020055e-15  -1.0417895e-14   1.3238110e-14   1.4027208e-14   1.3264820e-18   3.5894263e-18   7.2404498e-18   7.8830658e-18  -1.0195182e-18  -8.9009288e-18  -2.1005089e-14   3.9826050e-14   5.2519960e-15   6.3456824e-16   1.9730046e-17  -1.7740732e-14
  -2.8517874e-14  -1.7989550e-14   8.7198972e-15   7.4423067e-15   2.2980336e-15  -1.2680324e-14  -7.7868922e-04   5.6252483e-04   4.6528983e-03   5.9927066e-04  -6.7252130e-04   1.1489625e-03  -8.9112436e-15   1.9766852e-14   3.4710743e-14  -3.0943751e-15  -1.4348436e-14   5.8551966e-15   5.1522729e-04   5.1853910e-03   2.3082967e-03  -4.9223684e-04  -1.6365183e-03  -2.2741629e-04  -1.3123591e-14   1.2343429e-14  -9.0265514e-15   7.5639986e-15  -7.4425931e-15  -8.8627025e-15   1.6312771e-03   5.8063974e-04   3.0832868e-04  -1.8752116e-03   2.2767416e-04   1.8735167e-03  -1.3303099e-14  -8.4451973e-15  -5.3476535e-16  -3.0207957e-15   1.1779157e-14   2.7225870e-14   2.6774427e-03   5.1389894e-04   8.5904582e-04   1.2621594e-03  -1.0349533e-04   2.6075563e-03   8.5585503e-15  -9.1294024e-15  -7.3211223e-15  -4.7389497e-17  -5.9825160e-16  -2.8594860e-15  -6.4603954e-04  -2.3824028e-03  -5.7292191e-04   4.4587724e-04  -1.6155479e-03  -3.4977886e-05  -1.1377442e-14  -1.4209176e-14  -1.5514753e-15  -7.6336094e-15  -1.2529825e-14   1.0386231e-14  -2.4827680e-03   1.4717052e-03   8.2381585e-04  -7.1285246e-04   4.7624134e-04   2.5545129e-03   5.4170437e-18   1.5445297e-17   6.8304093e-18   1.1408259e-17   8.0439914e-18   1.3669505e-18  -1.0696023e-14   8.9189543e-16   1.8795551e-14  -5.2635926e-15  -3.1620415e-16   8.8019786e-15   8.0596828e-18  -9.4213216e-18  -6.8431983e-18  -2.0882431e-17  -8.7276111e-18   5.7741180e-18  -2.1711226e-14   1.3854414e-14   3.5290325e-14  -1.4935590e-14   8.1367526e-15  -9.8392788e-15  -7.6570052e-18   3.3823589e-18  -7.4548253e-18  -3.4516915e-18   1.0119362e-17  -4.7834763e-18   1.1047468e-14  -5.7143459e-15   1.8729777e-14  -2.0421096e-16  -1.3925576e-14   2.2180311e-14  -2.9619141e-18   1.3552594e-17  -1.9223091e-17   2.6901753e-18  -6.4366349e-18   2.0670314e-18   1.1506093e-15  -1.0666315e-14  -1.1000443e-14   1.5072789e-14  -9.5943172e-15  -1.2359937e-14  -9.7801154e-18   1.2925713e-17  -4.6524247e-18  -2.9439805e-18  -2.6233650e-18   6.5485145e-18  -4.5657083e-15   1.7071824e-14   1.5545885e-14  -1.4878670e-15  -2.5352414e-15  -5.8132119e-15  -5.3872528e-18   3.3290204e-18  -3.6113063e-18   4.5868741e-18  -9.1558170e-19   6.7360296e-18   1.7431273e-15  -6.3766565e-15   2.0295238e-14  -1.1632892e-14  -6.9707037e-15   6.2870607e-15
   8.3715352e-15  -2.5267109e-14   1.9162306e-14   1.8506238e-15   2.3139678e-14   1.7282864e-15   1.9416030e-04  -8.7396541e-04   5.9927066e-04   2.1503401e-03  -2.8310262e-04  -7.6421482e-06   1.2031995e-14  -2.7953109e-15   1.7131605e-15   2.2093241e-14   5.6784741e-15  -1.4193483e-14   2.1490568e-04  -3.3409128e-04   3.2112911e-04  -6.4179070e-04   2.2299436e-04  -1.6629359e-03   5.3847833e-15  -1.1254979e-15  -4.4093547e-15  -1.2539064e-14   1.5456878e-14   8.8737135e-15   1.1058248e-04   8.2289582e-04  -7.0384862e-04   7.0275305e-04   3.0428735e-03   5.4302779e-04  -1.5981654e-14   9.9304529e-15  -7.6311907e-15   3.1574688e-15  -1.0676646e-14  -1.2932688e-15   1.6302090e-03  -6.4949569e-04  -8.2337018e-05  -1.0561297e-03  -1.3348178e-03   2.0501602e-04   1.5913659e-14   1.6964863e-14   9.0216587e-15   2.0059977e-14  -1.8749351e-14  -1.2943299e-14   9.6793629e-04  -1.0533211e-03   2.1877042e-03  -1.1380410e-03   1.5095177e-03  -1.2345732e-03  -5.8531090e-15   1.2050354e-14  -2.7633792e-17   2.4048399e-15   5.3345030e-15  -5.5719379e-15  -1.4536350e-03  -2.7742305e-04  -8.1692850e-04  -2.5091245e-03   8.0228636e-04   1.8997583e-03   3.4195098e-18   3.2812327e-18   3.4136616e-18  -3.0859174e-18   3.6599263e-18   1.7714852e-18   1.6345593e-14  -2.0504166e-14   2.6438052e-15  -1.0082242e-14   2.4607116e-14  -1.1166583e-14   8.6210772e-19   3.1481611e-18  -6.9225150e-19  -4.5169776e-18   1.0946221e-18   3.0499548e-18   1.4083512e-15   8.5564789e-15   8.9128752e-16   2.7054123e-14   6.6834182e-15  -1.5162053e-14  -1.2029062e-18   1.7014267e-18  -1.3427859e-18  -4.1219260e-18   4.5879090e-18  -3.5603864e-19  -6.0135375e-17   1.0279877e-14   3.6657692e-15   1.2256266e-14   3.4267396e-15   5.0790231e-15   2.9060718e-18   2.5634123e-18  -8.0288528e-18  -4.3644872e-19  -1.7954525e-18  -1.9258280e-18  -1.4441037e-16   1.3234304e-14   1.8554180e-14  -1.2274443e-14  -3.8832399e-16  -1.3519827e-14  -6.7320884e-18   2.0726908e-18   1.6756323e-18  -2.9091544e-18  -3.1563609e-18   4.5421472e-18  -7.7427501e-15   1.1694160e-14   8.0756861e-15   1.1172326e-14  -4.2831300e-15  -1.6671075e-14  -2.8757622e-18  -2.4424705e-18  -1.6383366e-18   2.7684424e-18  -1.8701240e-18   3.6236760e-18  -7.8973163e-15   1.1275850e-15  -3.5503999e-15   1.5177139e-14   1.9471566e-14  -1.1126854e-14
   1.4954148e-14  -9.2404576e-15  -2.4489488e-14   1.9238296e-14   1.4946255e-14   1.8875671e-14   7.2345925e-05  -3.3125355e-04  -6.7252130e-04  -2.8310262e-04   1.9573805e-03   5.0426440e-04   7.6680168e-15  -6.1352034e-15   4.1064146e-15  -1.3596888e-14   7.9791506e-15   1.0745946e-14  -6.8598606e-04  -1.0599121e-03  -7.1684400e-04  -1.1426247e-03  -6.2377571e-04  -2.7124733e-06   1.6117766e-14   9.2431495e-15   5.9858232e-15   1.9481003e-14  -5.2445759e-15  -2.2830634e-14   1.1673867e-03  -7.8328503e-04   1.4508700e-03  -1.1631188e-03   1.1501666e-03  -2.0515878e-03  -4.0500537e-15  -1.5725399e-14  -1.1431975e-14  -1.5850449e-14   1.2283376e-15   5.9232349e-15  -3.0195133e-04   5.6688684e-04  -1.6548048e-03   2.3518119e-04  -1.2596888e-03   5.0981271e-04  -6.7428644e-16   5.2209224e-15   1.0061294e-14   1.6226299e-14  -1.7963060e-14  -2.0848739e-14   3.1349055e-04  -4.8926387e-04   2.7944556e-04  -3.0622304e-03  -1.5864577e-03   6.3642781e-04  -1.9034174e-14  -7.9415553e-15   1.7806543e-14   9.8135530e-15   2.3096651e-15   1.5358271e-14   1.1677561e-03  -9.3884343e-04   3.7707114e-04   1.3863077e-03  -2.2078346e-03  -9.1227065e-04   1.5735068e-18  -3.5017671e-18  -2.2082184e-18  -6.1405424e-18   6.9619885e-19  -5.4799297e-18  -4.7940743e-15  -1.4884396e-14   1.3047889e-14  -2.1501082e-14  -1.0349313e-14  -1.7344108e-14  -1.4800375e-18   6.6202313e-18   1.3557915e-19   3.3518281e-18   3.8726963e-18  -5.0318500e-18   1.0833333e-14  -2.2970552e-14   9.8221189e-15  -5.1913950e-16   2.2663574e-14  -1.3467601e-14   7.2222289e-18   2.6915165e-18   1.7034617e-18  -5.7252379e-19  -5.0870931e-18   8.5018557e-20  -6.4022999e-15  -1.2327077e-14   5.6048682e-15   4.7809890e-15   1.0655046e-14  -8.4311149e-15   2.5517913e-19  -5.5803600e-18  -9.9110721e-19   1.2189381e-18  -7.0551624e-19  -1.4553947e-18  -1.3571953e-14   1.6261114e-14  -1.4704458e-14   9.5137283e-15  -1.3931001e-14   4.1913999e-15   1.3638874e-18  -1.8337103e-18   1.2733159e-18  -3.9318014e-18   4.6574974e-18   4.6260669e-18  -1.9744392e-14   1.6858534e-14   4.1708483e-15  -6.1014258e-15   7.3839806e-15   1.7297341e-14  -3.6148654e-18   2.1742759e-18   5.3541649e-18  -4.5633840e-18  -5.9636259e-18  -6.0558968e-18   1.7511502e-14  -1.9244625e-14  -1.2977314e-14  -1.4127085e-15   2.2552310e-14   2.0359566e-15
  -2.1900037e-14  -1.0200380e-14  -1.6028709e-15  -1.8295248e-14   2.2018663e-14   3.6865159e-14   8.0169433e-04  -5.0524350e-04   1.1489625e-03  -7.6421482e-06   5.0426440e-04   4.6892527e-03   1.6859391e-15   1.9319992e-14   2.7707735e-14  -1.5894480e-14  -3.6171941e-15  -1.5447841e-15  -2.8122023e-03   2.6631327e-03   1.4625088e-03  -7.1250640e-04   1.2172543e-04  -1.0631957e-03  -1.8877271e-15  -1.7180676e-14   5.5406534e-15  -7.3834376e-15   7.7397361e-15   1.4634717e-14   2.4869931e-03   1.9025247e-03  -8.7059388e-04   1.2483558e-03  -5.5081166e-04  -1.2459722e-03   1.8837736e-15   1.1394073e-14  -1.7418311e-14   1.6125904e-14   8.7259853e-15  -6.0570356e-16   3.8731229e-03   2.2625513e-03  -1.7752790e-03  -1.5696917e-03   7.0978276e-04   2.7752704e-04  -3.5902074e-16  -8.3136993e-15  -2.3165281e-14   7.3946192e-15   1.7578724e-14   2.2469234e-14   3.2038711e-04  -1.2846388e-03  -2.2489842e-04   3.1274937e-04   1.8750782e-03   1.5392944e-03  -4.5945431e-16   9.6303254e-15   5.8652636e-15   1.8007512e-14  -1.4119309e-14   3.3737139e-15   1.8900844e-03  -1.6083205e-03   3.2846361e-03   1.8993992e-03  -1.1697379e-03  -1.5568069e-04  -4.7375400e-18   1.0160893e-17  -3.1330833e-19   1.4990142e-17   6.4327893e-18  -5.2636810e-18  -7.0158542e-15   1.1103904e-14  -8.8462777e-15   3.2025721e-15   1.5013587e-14   1.7549497e-16   4.5877781e-18  -1.6675126e-17  -5.4114295e-18  -1.5949849e-17  -8.2204593e-18  -2.0644386e-18  -1.8052528e-14   4.9175753e-15  -1.6894387e-15   1.7321395e-14  -1.5073953e-14   2.3969347e-14   2.7081528e-18   5.2187415e-18  -1.6517027e-18   5.1059669e-18  -4.3000109e-18   1.2050850e-18   6.4691608e-15  -1.4397141e-14  -6.0952234e-17   1.2564781e-14  -1.0032865e-14   1.2439054e-14  -8.3364779e-18   8.0947183e-18  -5.9238489e-18   4.5274008e-18  -9.1046196e-19   3.0448917e-18   3.2915153e-16  -1.3566882e-14  -2.4802611e-15  -1.3023680e-14   2.1021881e-14  -1.5172490e-14   2.5666742e-19   8.9129375e-18  -6.1948186e-18   2.4549469e-18   4.2521520e-18   4.0974956e-19  -1.9724353e-14   2.0587229e-14   1.4212592e-14  -1.0972773e-14   1.0652417e-14   1.3080859e-14  -2.5486938e-18   7.9037720e-18   4.4815967e-19  -9.5170115e-20   8.6811086e-19  -1.9859029e-18   1.1220166e-14  -1.2136048e-14   2.3458970e-14   2.6315011e-14  -6.4158577e-15   3.4213121e-14
   5.6881615e-07  -1.3058816e-06  -6.0858134e-06  -3.8216077e-06   1.9975147e-06  -5.1474313e-06  -1.4174923e-14  -6.7869978e-15  -8.9112436e-15   1.2031995e-14   7.6680168e-15   1.6859391e-15   9.8633106e-03  -5.0348238e-07  -4.6016620e-06  -3.4005789e-06   2.9654118e-06  -5.3188939e-06   1.8365314e-14   1.3985189e-14  -2.0668815e-14   4.4895610e-15   1.2983541e-14  -1.9261137e-14   4.8317924e-07   2.0221834e-06  -3.4703301e-08  -4.6279336e-06   3.9823770e-06  -1.6151728e-06  -8.6556890e-15   5.0509964e-15   1.1971407e-14  -1.1448865e-14  -2.2869104e-16  -7.5249393e-15   4.4328981e-07   1.7755437e-07  -2.5507830e-06  -3.2093567e-06   2.4929928e-06  -3.0374095e-06   1.9060994e-14  -9.8293177e-15  -8.6273870e-15  -1.1001003e-14   3.9543984e-15   5.9171581e-15  -3.6714596e-08   2.2936555e-07   1.6456598e-06   1.5133349e-06   7.5927283e-08   3.0882509e-07   1.7186272e-15  -3.4585993e-15  -1.2090562e-15   1.6221100e-14  -1.6963987e-16   1.7334114e-14   9.7295600e-07  -1.3157649e-06  -4.3414015e-06  -6.0191855e-07   2.6697507e-06  -6.6988259e-06  -1.6938760e-14   1.0222364e-14   1.5274283e-14  -2.4981024e-15  -1.5011140e-14   3.2875846e-15   1.3381467e-14   4.1739942e-15  -3.3945662e-15   1.1566690e-14  -6.3761770e-15  -1.6711802e-14  -5.5473179e-04   9.7147462e-04  -3.2617201e-04   8.1706171e-04   1.3582288e-03  -2.4941032e-03   9.1150609e-15  -1.0112734e-14  -1.8618021e-14  -1.7649880e-15  -1.2366989e-15  -1.1557335e-14  -9.2885793e-04  -1.9059371e-03   2.4787761e-04   9.6347709e-04   5.7389358e-04  -1.4299548e-03  -2.3894717e-14  -1.5449661e-14  -1.5008531e-14   5.2616271e-15   8.4967943e-16  -1.2931934e-14   8.4157440e-04  -3.6484396e-03  -4.0831320e-03   2.0628435e-03   5.6952218e-04   1.1474808e-03  -9.6997618e-15   2.7729016e-15   1.4536106e-14   1.3981705e-15  -1.1498670e-14   6.9090937e-15   1.5810654e-03   3.4122746e-03   2.6601400e-03   4.6419714e-04  -9.5513477e-04   1.2705882e-03   1.2441222e-15  -4.6132394e-15  -4.5472090e-15  -3.2944411e-16   8.3455855e-15  -3.7411122e-15  -3.4724540e-03  -8.1659792e-04   5.4469040e-04   4.0583474e-04   1.2331512e-04  -3.2796398e-04  -7.1602391e-15   1.3086704e-14  -2.6192855e-15  -5.3617978e-15   8.3769447e-15  -3.9661273e-15  -1.4040560e-03   9.1644749e-04   4.9768092e-04  -8.3448853e-04  -1.2644086e-03  -3.5020106e-04
  -4.5550325e-07   4.4872758e-06   2.7461786e-06   4.4575503e-06   8.2206469e-06  -8.7805731e-07  -1.2718043e-14  -2.3664724e-15   1.9766852e-14  -2.7953109e-15  -6.1352034e-15   1.9319992e-14  -5.0348238e-07   9.8654132e-03   1.5385761e-06   1.9335367e-06   6.9892701e-06   3.1405990e-07  -2.3775594e-14   1.8823088e-14  -1.7127654e-14  -2.1267996e-14  -2.1390514e-14  -1.0306387e-14  -2.3341550e-06   8.9823579e-07   1.8058136e-06  -5.9652402e-07   2.7610648e-06   2.2710283e-06  -1.3825215e-15  -5.6894760e-15   1.0447702e-14  -1.2780388e-14  -1.5964986e-14   2.1683712e-15  -1.0126533e-06   2.0736307e-06   1.5704573e-06   1.3417224e-06   4.5145001e-06   5.7684274e-07  -3.2733792e-15   4.4046247e-15   1.9607319e-15  -7.2976293e-15  -6.7032944e-15   1.1175105e-14   3.5174312e-07  -1.7489725e-06  -1.7079597e-06  -2.3472886e-06  -2.0399803e-06   5.9428940e-07   1.7275601e-14  -5.2414171e-15  -1.0208462e-14  -1.2707298e-14   1.8398677e-14  -4.6857576e-15   8.9718479e-07   1.2558754e-06  -1.1363903e-06  -4.3945469e-07   6.0203095e-06   3.2819483e-07   8.8570567e-15  -2.3281608e-14  -1.5415913e-14  -1.6852954e-14   1.4576053e-14   2.8455123e-15  -4.2329469e-15   7.9056358e-15  -2.1307294e-15  -1.5013431e-14   3.9868824e-15  -6.9576683e-15  -1.7077154e-03  -3.9792578e-03   9.7080834e-04   1.6540202e-04   4.8153364e-04  -5.4320192e-04   2.1712558e-15   3.0003675e-14   7.0038524e-15   1.3142717e-14   1.7412379e-14  -1.3114786e-14  -1.3928414e-03   4.1675024e-03  -3.3274758e-05  -1.5688921e-04   8.5040011e-04  -7.7657832e-04   6.1378644e-15  -2.3813436e-14   1.1706636e-16   1.5339755e-17   6.1831768e-15  -3.8695930e-15  -3.1383153e-04  -3.3104721e-03  -1.9465890e-03   3.8086809e-04   8.5233685e-04   5.1703454e-04   4.4910321e-16   9.5813418e-15  -1.3925539e-15   2.1897846e-14  -2.4967869e-15   1.7348290e-14   1.5133375e-03  -2.7517649e-03  -2.1562848e-03  -2.9303721e-04   1.4021400e-03  -1.6897135e-03  -2.1640921e-15   2.2722808e-14   2.6779822e-15   3.0751249e-15  -1.3341595e-15  -5.7925914e-16  -4.0312205e-04  -1.7030889e-03  -1.0281810e-03  -1.7355330e-03  -6.5196885e-04  -9.7408325e-04   9.1127750e-15  -2.4453056e-14  -9.7428007e-15  -1.9438102e-14   5.2800909e-15   1.5208352e-14   1.2127517e-03   5.3854755e-04   2.3783654e-03  -8.7567624e-04   5.9520741e-04   1.9924036e-03
  -5.3413681e-06   3.4077025e-06  -6.2008352e-06  -5.0988013e-06  -4.2714340e-07   4.9479073e-06   2.2163514e-14   1.1714012e-14   3.4710743e-14   1.7131605e-15   4.1064146e-15   2.7707735e-14  -4.6016620e-06   1.5385761e-06   9.8592661e-03  -3.3722366e-06   6.2166058e-07   4.5023794e-06   1.2059676e-14   2.9671193e-14  -5.4048251e-15   1.5421408e-14  -1.9420423e-14  -3.4311701e-15  -3.8485429e-06  -1.5830420e-06  -3.6275548e-07   8.5097742e-07  -1.0527994e-06   2.5317677e-06   5.1817880e-15   3.0069303e-15   1.6374018e-14   1.2139891e-15   2.0360993e-15   4.4331346e-15  -3.5927558e-06   6.4454953e-07  -2.3215833e-06  -1.7269006e-06  -2.6183886e-07   3.0252049e-06   1.4553933e-14  -1.2164736e-14   1.0228540e-14  -1.5653279e-15   3.1129279e-15   1.0281655e-14   1.7528110e-06  -1.6127312e-06   3.2087903e-06   1.6798375e-06   1.3065247e-06  -1.2789854e-06  -1.7737615e-14  -1.4673575e-14   1.1828806e-14  -3.6018228e-15   8.4528779e-16   2.0294955e-14  -2.4040521e-06   5.8510434e-07   2.4255479e-07  -2.8739634e-06   3.3961146e-06   3.6077789e-06   1.8710514e-15   1.8266303e-14   2.2012722e-14   1.4344237e-14  -1.0970316e-14   2.1734382e-14   8.3453785e-15   7.1133616e-15   1.9970595e-14  -1.3367301e-14  -4.0518094e-16   3.8519725e-15  -9.2365736e-04   2.3705544e-04   3.3629719e-04  -1.6210154e-03   2.6733508e-04  -5.4411067e-04  -1.5276037e-14   2.5318083e-15   1.0329095e-14  -2.7153983e-14   6.2762797e-15   1.3560680e-15  -1.6289900e-03   1.5880183e-03   3.1433124e-03   1.3256913e-04  -1.2122583e-03   1.5261394e-03  -7.9574668e-15  -6.9795005e-15  -3.2170151e-14  -1.7303069e-14   4.3797421e-15   2.4611029e-16  -1.0334023e-03  -5.0584607e-04   6.2819938e-04   2.4504244e-04  -6.5181523e-04   1.7250653e-03  -1.1763774e-14  -9.4264014e-15  -3.8494853e-15   1.4894131e-14   9.7040505e-15  -1.3851190e-14  -2.9020718e-03  -3.6526838e-05   2.5515389e-03   2.6098438e-03  -1.1967975e-03   9.2597648e-04  -1.3789472e-14  -1.7225265e-15   1.6510209e-14   1.6923526e-15   4.2807448e-15  -9.7190347e-15   4.9076580e-04   2.7508432e-03   2.8698115e-03   2.9792627e-04  -2.5750827e-03   1.8723803e-03  -6.8617805e-15  -2.0100000e-14   4.0498451e-15   1.9845865e-15   1.2341920e-14   1.0702440e-14   1.2062970e-03   1.7257307e-03   2.8882903e-03   7.3545353e-04   3.6865041e-04   2.3194961e-03
  -5.1011841e-06   4.2267313e-06  -4.3054251e-06   6.4711836e-06  -1.8581950e-06  -1.5514248e-06  -3.4484680e-15   9.6011144e-15  -3.0943751e-15   2.2093241e-14  -1.3596888e-14  -1.5894480e-14  -3.4005789e-06   1.9335367e-06  -3.3722366e-06   9.8677281e-03  -2.1019645e-06  -2.5487133e-06   2.3081404e-14   1.3498775e-14   7.3606513e-16   1.6528307e-14   6.5576607e-15  -1.4507436e-14   1.9273217e-06   5.8589870e-07  -3.2132379e-06   2.2570915e-06  -2.3776363e-08  -3.8605778e-06   3.0118982e-16   1.0308049e-14   1.0729122e-15  -1.3774324e-15  -9.7904649e-15  -6.4256938e-15  -1.4183722e-06   1.6647659e-06  -2.8373279e-06   3.5279319e-06  -9.1627950e-07  -2.2197639e-06   4.9367804e-15  -1.7706286e-14  -1.1595968e-14  -7.2550936e-15  -1.7365609e-14  -6.8759193e-15   1.3291704e-06  -2.3805247e-06   1.7940349e-06  -1.8326094e-06  -2.7541218e-08  -5.0961183e-08   1.4601819e-14   1.6293125e-14   4.6983829e-15  -9.2164052e-15  -3.2819894e-15   1.3973648e-14  -3.9318541e-06  -1.0401032e-06  -8.0936390e-07   3.9553119e-06  -3.1919324e-06  -2.0801585e-06  -1.2393549e-14  -1.1700782e-15   1.3356242e-14   1.1086318e-14  -1.2014662e-14   1.8471411e-14  -8.6652502e-15  -1.1730291e-14   1.2530111e-14   1.9130208e-14  -6.7545743e-15   8.9831861e-15   2.6718107e-03  -1.6748196e-03   2.8316207e-04  -6.8780460e-04  -1.7424529e-04  -1.1354407e-06  -1.9346680e-14   1.6988576e-15  -1.3063279e-14   3.4513971e-14   9.2459506e-15  -9.7206778e-15   9.6925214e-04   5.8596852e-03   1.0985966e-03   6.9949569e-04  -7.5129259e-04   4.8948002e-04  -1.1831250e-14  -2.0178259e-15   7.4643301e-15  -2.0504161e-14   3.0031567e-15   8.9016630e-15   1.8036605e-03  -3.8597615e-04  -2.7618628e-04   2.6584239e-04  -6.7645959e-04   1.0922220e-03  -7.5620094e-15   8.5756491e-15   1.2324151e-14  -1.1877123e-14   1.8101926e-14  -5.1568686e-15  -1.0500913e-03   8.5078408e-05   2.8563263e-03  -5.5132607e-04  -1.6886422e-03   1.6286522e-03  -1.1741388e-14   7.5329662e-15   3.4631326e-15   2.3793504e-14   1.0873801e-14  -1.4754778e-15   2.2865183e-04  -2.3595227e-03   5.8720198e-05   1.9776883e-03   1.1118627e-03   4.4440936e-05  -2.2643943e-15  -1.9317766e-14   4.9385718e-16  -2.3950797e-14  -2.3125521e-14  -1.7429153e-14  -1.6482699e-03  -2.8762674e-03  -1.7852471e-03   7.0366734e-04  -9.9873263e-05  -1.8272657e-03
   2.8273337e-06   8.0467148e-06  -1.2249495e-06  -1.3712075e-06  -2.2418586e-06   1.9316584e-07  -1.5809718e-14  -8.9212069e-15  -1.4348436e-14   5.6784741e-15   7.9791506e-15  -3.6171941e-15   2.9654118e-06   6.9892701e-06   6.2166058e-07  -2.1019645e-06   9.8601490e-03  -3.4984628e-07  -6.2109976e-15   6.4763799e-16   1.5813483e-14   2.2170627e-14   2.0034214e-14   2.8835269e-14  -2.6857743e-07   3.6521688e-06   3.0341856e-06  -2.5184175e-06  -1.3053170e-06   1.4677832e-06  -8.9158601e-15  -4.3282638e-15  -1.0293378e-14   9.7879536e-15   3.9071062e-15   1.2889212e-14   1.3315818e-06   4.7580035e-06   8.5476951e-07  -1.5979081e-06  -1.5295923e-06   4.6244880e-07  -9.4906172e-15   8.7460331e-15   3.1689488e-16   1.7809789e-14  -7.7646625e-15  -4.8790354e-15   1.9529845e-07  -2.0650354e-06   1.1917159e-06   4.2561492e-08   2.1388336e-07  -7.2319512e-07  -1.4032013e-14   1.3483707e-14   1.0380205e-14  -6.0093802e-15  -4.9954417e-15  -9.3490893e-15   4.8291478e-06   5.5676606e-06   1.3199999e-06  -1.9247176e-06  -2.5426493e-06  -2.3252661e-06  -4.5261892e-15   4.9775064e-15  -4.0716570e-15   1.6106840e-14  -1.5679766e-14   5.3331139e-15   2.2453060e-15   6.8003641e-16   9.1138371e-17  -5.1270169e-17   6.9747608e-15  -1.5984387e-14  -8.2827108e-04  -4.9963408e-03  -3.7212107e-03   6.3559720e-04   6.3835508e-04  -9.5915549e-04   7.7611566e-15   1.2569688e-14  -5.1867350e-16   5.3986140e-15   7.2034264e-15  -6.4019907e-15  -1.5936218e-03  -2.0069248e-04  -1.7281120e-03   1.0682976e-03  -3.9415250e-04  -3.7492050e-04   3.3651921e-15   1.8553263e-14   3.1170502e-15   2.9701420e-15  -2.8760827e-14   7.0376289e-15  -2.1939874e-03   8.7129011e-04   1.6302469e-03  -1.1973594e-04  -2.2913314e-05  -2.8575891e-03  -1.6775170e-14  -8.9625668e-15  -1.6715329e-15   8.0489190e-15  -9.3108208e-15  -8.4046104e-15   8.4682014e-04  -6.8653870e-04   6.8678873e-04   1.6680579e-03  -1.0660115e-04   1.3514253e-03   2.5415425e-15  -1.0767399e-14   1.9546068e-15  -1.8890154e-16   1.5844287e-14   6.3891269e-15  -1.6284843e-03   1.9972700e-04   2.7321050e-03  -4.9013930e-04  -5.4619686e-04   2.0545184e-03   2.2516486e-15   1.5630563e-14   2.2262305e-14  -1.6908775e-14  -2.1763290e-14   2.2075425e-15   9.7834109e-05  -3.8884567e-04  -1.8889922e-03  -5.5358553e-04  -2.3184898e-03  -1.4046126e-03
