   1.3819829e-02  -1.8828667e-07   2.8856901e-07   3.2522315e-07  -4.8218566e-07   1.1858073e-14   1.0027722e-14   5.3579963e-15   7.9044337e-15   2.9323802e-15  -1.8160039e-07   5.6844123e-09  -2.2773613e-07  -2.1243358e-07   3.4952619e-07   3.8055617e-15   7.9005989e-15   2.8296576e-15   5.6407308e-15  -5.3003468e-15   1.7953042e-06   1.1669306e-06   1.8249329e-06   1.3270521e-06  -2.5377802e-06   2.4680161e-14   3.7828700e-15   4.8617805e-15  -1.1330326e-14   2.4077639e-15   1.3277135e-07   1.0573635e-06  -2.0249595e-07  -5.1457257e-07   5.3913227e-07  -6.4968520e-15   1.3875413e-15  -3.5278650e-15   7.2165645e-15   4.3131062e-15  -1.1758528e-06  -1.9172150e-06  -7.9473239e-07  -1.4182522e-07   7.9941607e-07  -2.6242269e-15   6.8732323e-16   4.0916967e-15   6.7230112e-15   8.9778595e-15  -7.6203839e-15  -1.7788062e-14  -1.2225164e-15  -1.6874131e-14  -2.2797988e-16  -1.4389715e-03  -1.1983668e-05  -4.8012799e-03  -2.8402356e-03   1.4260349e-03   5.3371496e-15  -7.2582486e-15   3.6845095e-15  -2.4252552e-14  -2.3266625e-14   1.9834488e-03  -4.1509234e-04  -2.5749815e-04  -4.0155147e-04   6.0747384e-03  -1.3677450e-14  -1.3070309e-14  -1.3592164e-14  -3.0000083e-14   5.9497086e-15   3.1828990e-04  -4.8229561e-03  -4.5399944e-03  -4.5981821e-04  -1.1443584e-03   2.7573587e-15  -4.0151054e-15   8.6123265e-15  -1.5307140e-15  -1.0965942e-14   1.7241503e-04   2.7774433e-03  -1.2890585e-03   6.1205472e-04   1.0539215e-03  -8.7340874e-15   1.0849698e-14  -2.3020824e-14   3.9751139e-14   2.6184496e-14  -5.9898669e-03  -7.7511549e-04   1.3497755e-03   4.4369164e-03  -3.9337394e-04
  -1.8828667e-07   1.3820242e-02   2.7068472e-07   1.1463763e-07  -9.8510094e-08   2.0074625e-15  -1.9525486e-15   1.1464429e-14   9.6092071e-15  -5.5589600e-15   5.6844142e-09  -1.0730250e-07  -1.2042580e-07  -1.4126569e-07   4.8522249e-08  -1.1396219e-15   5.0619198e-15   8.4209537e-15   7.8380505e-15  -8.0197208e-15   1.1669306e-06  -2.1977720e-06   1.7431623e-07   1.5629680e-06  -1.4090780e-07   6.0500059e-16  -1.9583031e-15   2.4642658e-15   3.6841315e-15   2.5654070e-15   1.0573635e-06  -2.7500183e-06  -7.9332461e-07   2.4841494e-07   2.5831231e-07   6.4631299e-15  -1.6494697e-14   3.8063424e-14   1.4288786e-14  -2.3543990e-14  -1.9172150e-06   4.5115652e-06   8.4296512e-07  -1.1814655e-06  -2.2674461e-07  -6.0693887e-16   5.4086914e-15  -1.7778219e-14  -4.9629772e-15   7.4787281e-15  -3.3605265e-15   2.1604680e-14   4.1615667e-15  -1.1836320e-14  -5.7570497e-15   2.7960017e-03  -1.6880708e-03   2.2894814e-03  -2.1384616e-03   5.9227189e-04   5.6059092e-15  -1.1145401e-14   4.2568948e-15  -1.5843643e-15  -7.4274150e-15  -1.0152682e-03   2.2556731e-03  -1.9471436e-03   1.2190149e-04   2.3328749e-03  -1.4946304e-15   9.5397533e-15  -2.2275097e-15  -1.5229239e-14  -5.2501177e-15   1.6729637e-03  -2.1913601e-03   2.2040370e-04  -2.8312370e-04   9.7602059e-04   7.3929546e-15   9.6365333e-15  -1.3473425e-15   2.8186751e-15  -1.9672980e-15   4.6962485e-03  -4.3918676e-03   9.9282017e-03  -9.9038477e-05   6.6379970e-04  -1.2010420e-14   9.6187464e-15  -8.7692570e-15   3.8013095e-15   6.9920614e-15  -9.9751904e-04  -1.8016408e-03   9.5521145e-04   5.3866174e-04   5.5725503e-04
   2.8856901e-07   2.7068472e-07   1.3818997e-02  -2.6103428e-07  -3.4072322e-07   1.2113331e-14   2.7696984e-15  -2.5001963e-15  -1.8255965e-15   3.2176596e-15  -2.2773614e-07  -1.2042580e-07   3.8191451e-07   1.7502469e-07   2.3842101e-07   1.0288387e-15   2.5276015e-14  -1.0461620e-15  -4.3977626e-15  -2.4005129e-17   1.8249329e-06   1.7431623e-07  -1.9343369e-06  -1.1396841e-06  -1.6519994e-06   1.8774511e-14  -1.6397470e-14  -2.0713367e-16  -3.6475978e-15   5.9982068e-15  -2.0249594e-07  -7.9332460e-07   1.3160066e-06   3.8375561e-07   4.3639598e-07   2.5036149e-16  -1.2532646e-14  -1.0854507e-14   6.9709876e-16   1.5401079e-14  -7.9473240e-07   8.4296512e-07  -4.6507400e-07   1.9085334e-07   4.1895339e-07  -4.0575226e-15  -6.9995914e-15  -7.3415363e-16   8.9768920e-15  -2.2940758e-15  -1.5011402e-14   1.2542755e-15  -5.4759103e-15   2.2963065e-15   9.1403532e-15  -2.8554623e-03  -4.2098066e-03  -4.5949823e-05   3.9049355e-03   2.9135321e-03   4.0146436e-15   3.2049449e-15  -1.1065646e-14  -1.2428838e-14   7.6094198e-15   1.9539510e-03  -3.7930550e-03  -7.5281567e-04   1.6223980e-03  -4.5783464e-03  -1.2635538e-14  -1.6671024e-15   1.8166180e-14  -8.8549311e-16   9.8419942e-15   9.7491230e-04   4.2209860e-04  -1.1856823e-03  -3.2636941e-03  -5.2037031e-03   8.0291551e-15   2.8229238e-15  -9.1699747e-15  -8.2676977e-15  -6.8588862e-15   2.6010759e-03  -3.2899041e-04   1.5196679e-03  -1.2262867e-03  -3.9484128e-04   8.7949371e-15   1.6523314e-14   2.7259769e-15   2.3444017e-14   1.7393903e-14  -1.1211626e-04  -7.1199090e-04   2.9600212e-03   2.3392308e-03  -5.7552787e-03
   3.2522315e-07   1.1463763e-07  -2.6103428e-07   1.3819979e-02   3.6064329e-07  -1.2476574e-14   3.4286659e-15   1.5145456e-14   1.1611706e-14  -8.5904041e-15  -2.1243356e-07  -1.4126568e-07   1.7502470e-07  -3.1980935e-07  -2.5322574e-07  -7.9108179e-15   8.1483508e-15   1.6404350e-14   6.9806424e-15  -5.4144484e-15   1.3270521e-06   1.5629680e-06  -1.1396841e-06   3.0701348e-06   1.7628631e-06  -1.6373244e-14  -9.6613326e-16   7.1371829e-15   1.7642368e-14   2.4136099e-15  -5.1457258e-07   2.4841493e-07   3.8375561e-07   1.5508946e-07  -4.5630503e-07   3.2053337e-15  -8.8600329e-15   2.8775801e-14   1.1454918e-14  -2.4704528e-14  -1.4182522e-07  -1.1814655e-06   1.9085333e-07  -1.9254574e-06  -4.5820129e-07   4.7061636e-15  -1.7290991e-15  -1.2732885e-14  -9.2229256e-15   8.4417870e-16   5.1223842e-15  -1.0829895e-14   4.7468258e-15  -1.7920597e-14  -1.4808983e-14   3.4879313e-03  -2.0095995e-03  -2.7020051e-03  -1.2785084e-03   5.3774777e-04   2.7500146e-14   1.3807968e-14   1.4042610e-14   1.1430869e-14  -2.8817622e-15   2.0949559e-03   2.6878151e-03   3.7298105e-03   1.8606376e-04  -2.6513546e-03   1.4675257e-14  -1.5927267e-14   2.2549869e-14  -3.0750709e-14  -3.2405356e-14   4.9278500e-03   1.8729336e-03  -2.2807655e-03  -4.4122097e-03   3.6558230e-03   8.7443939e-15   6.3636743e-15  -8.9985428e-17   1.2170138e-14   8.6129890e-15  -2.3048481e-03   2.6682136e-03   1.5098969e-03   1.7908057e-03  -9.2316022e-04  -3.7791839e-14  -1.1790841e-14  -1.0322154e-14  -6.5817877e-15   1.6982304e-14  -1.3365885e-03  -3.0377798e-03  -4.4863220e-03  -2.2255623e-03  -3.5046640e-03
  -4.8218566e-07  -9.8510094e-08  -3.4072322e-07   3.6064329e-07   1.3819197e-02  -1.3359322e-14  -4.9267314e-15   5.2008829e-15  -6.9294138e-16  -1.2389059e-14   3.4952619e-07   4.8522248e-08   2.3842103e-07  -2.5322573e-07   2.2807446e-07  -4.3811298e-15  -2.4146099e-15   4.9104690e-15  -4.5238238e-15  -1.4767474e-14  -2.5377802e-06  -1.4090781e-07  -1.6519994e-06   1.7628632e-06  -7.3644215e-07  -2.7846979e-14  -2.3765840e-15  -2.5220407e-15   1.4620499e-14   5.7320119e-15   5.3913227e-07   2.5831231e-07   4.3639597e-07  -4.5630503e-07   1.1489430e-06   5.0259996e-15  -5.4402787e-15   1.8982733e-14   1.7171432e-15  -1.8139910e-14   7.9941606e-07  -2.2674461e-07   4.1895340e-07  -4.5820130e-07  -9.4620375e-07   2.1133706e-15   7.3088095e-16  -2.0257134e-15  -8.3309041e-15   1.1971863e-14   1.2133683e-14  -7.4343439e-15   9.1167908e-15  -6.9067539e-15  -4.3749319e-15   1.1366300e-04   2.8335102e-03   1.7803000e-04  -6.1352502e-04   7.1712664e-03  -1.4611092e-16   9.3314477e-15  -2.2806962e-14   2.1310920e-14   5.9483515e-15  -3.4944875e-03  -2.4026176e-03   2.0570458e-03   5.5307069e-03   2.5707346e-03   2.6712102e-14   1.1536347e-14   7.8059914e-15   3.2952046e-15   9.8913159e-15   2.8964387e-03   2.8285653e-04   2.6168434e-03   1.2181227e-03  -3.7298947e-03  -7.4652080e-15   3.3956877e-15  -8.6099964e-15   1.3157453e-14  -2.7579762e-15  -1.9461651e-03  -7.0514922e-04  -6.3442166e-05   1.3984928e-03  -1.9718833e-03  -8.1237946e-15  -9.8719542e-15  -1.1306054e-14  -3.1233482e-14   1.4017753e-15   1.2709183e-03  -4.2468924e-03  -2.8069167e-03   6.6746048e-04   1.6908421e-03
   1.1858073e-14   2.0074625e-15   1.2113331e-14  -1.2476574e-14  -1.3359322e-14   5.5131421e-03  -3.6259781e-04   1.2563876e-03  -2.9198034e-03   3.5454514e-05  -1.3770504e-14  -8.5431357e-16  -7.9714688e-15   1.2582298e-15   4.4222801e-15  -1.7561416e-03  -2.0718007e-03  -2.6108634e-04  -8.5696293e-04   3.1500309e-04   1.8875002e-14   1.6836289e-15   2.5052443e-14  -2.0458290e-14  -2.3085276e-14   6.1350782e-03   1.4495982e-03   2.1653799e-03  -5.9420034e-03  -2.2044786e-03  -1.0839787e-14  -6.4565709e-16  -7.1937082e-15   1.6026736e-14   1.2145414e-14  -4.4851699e-03   9.6415308e-04  -1.1917735e-03   2.1107015e-03   1.0317587e-03  -7.0410844e-15   3.4616889e-15  -3.8295580e-15   1.0016369e-14   6.7326572e-15  -2.4782963e-03   8.8993444e-06   1.0997498e-03   3.1559849e-04   1.1923433e-03   7.0431213e-18  -3.3949181e-18  -6.4160345e-19  -4.6987046e-19   5.4345756e-19   8.6044432e-16  -6.5556632e-15   4.0883854e-15  -1.5134361e-14   2.5396132e-15  -5.9185237e-19   3.3910002e-18   2.8096064e-18   2.8038949e-18   4.3927518e-18  -1.0415739e-14  -1.2182626e-15  -2.4401758e-15   1.4385578e-14   1.5111700e-15   3.5779380e-18  -1.5803721e-18   3.1313484e-18   3.5357596e-18  -4.0207712e-18   7.7164952e-15   3.2451344e-15   5.7530896e-15  -1.7530087e-14  -6.0614143e-16   1.3626604e-18  -1.2829508e-17  -3.1076912e-18   3.6157329e-18   2.0414239e-18   4.8652078e-15  -1.2928289e-15   4.0388834e-15   1.2230867e-14  -8.7555300e-17  -4.6463302e-19  -4.1887106e-18   3.7093596e-18  -4.5925944e-18  -7.8318614e-19   6.4807829e-15  -4.2648056e-15  -1.2961238e-15  -1.4337274e-14  -4.6261993e-15
   1.0027722e-14  -1.9525486e-15   2.7696984e-15   3.4286659e-15  -4.9267314e-15  -3.6259781e-04   5.2896411e-03   1.3561259e-05  -1.0595449e-03   8.3069467e-04   7.3190447e-15   3.1335219e-15   2.2194144e-14   1.7967954e-14  -3.0709604e-16  -2.0718007e-03   6.3065380e-03  -5.5633172e-06  -1.5849229e-03  -1.9177433e-03  -1.0777828e-14  -5.4542716e-15  -1.7430025e-14  -1.7105394e-14  -1.6145549e-15   1.4495982e-03  -5.7344628e-03  -7.1393049e-04  -2.4861365e-04   1.0478235e-03  -1.1978042e-14  -1.4566585e-14  -1.4426282e-14  -2.4466179e-14  -7.0602612e-15   9.6415308e-04  -4.6884914e-03  -2.4696585e-03  -4.4687488e-04   3.1979028e-03  -5.9314530e-16   2.9617900e-15  -6.2610786e-15   2.2340099e-15   2.0164781e-15   8.8993449e-06  -1.4204730e-03   1.8949843e-03   4.6906832e-04   1.1655576e-03   1.7907008e-19   3.9548825e-18  -3.1387069e-18  -5.3999503e-19   3.9080316e-18  -2.4115071e-15   1.5821925e-14   1.2318104e-16  -1.2229035e-14  -5.3596967e-15   3.5574071e-19  -2.3867212e-18   2.7869180e-18  -2.4407889e-18   4.1798890e-18  -6.5912288e-15   1.8859169e-14   1.5973643e-15  -7.4045688e-16   1.5139798e-15  -4.9321808e-18  -1.2583507e-19   1.3887657e-18   3.3003606e-18   9.2462135e-19  -7.0859931e-16  -9.3426416e-15   4.7718973e-16   3.8425017e-16   9.9181260e-15  -2.3962340e-18   6.4669445e-18   2.9923377e-18  -3.2012934e-18  -1.1521778e-18  -5.1281132e-15   1.3774837e-14   8.8661478e-15   7.1320394e-15  -8.6966436e-15   2.4811327e-18   2.4733002e-18   3.5902194e-18   2.8513254e-18   1.5359652e-18   1.4147745e-15  -4.4414583e-15  -7.2323136e-15  -5.8595519e-15   8.4911348e-15
   5.3579963e-15   1.1464429e-14  -2.5001963e-15   1.5145456e-14   5.2008829e-15   1.2563876e-03   1.3561259e-05   7.6577722e-03   2.0156175e-03  -7.2081987e-04  -7.6908263e-16   6.3150025e-15  -3.7461172e-16   9.5294537e-15   8.6943611e-15  -2.6108634e-04  -5.5633231e-06  -1.2112353e-03   1.0576616e-03  -3.9731677e-03   3.0249728e-15  -2.5981735e-15   3.0160113e-15  -9.0459052e-15  -5.0141891e-15   2.1653799e-03  -7.1393049e-04  -9.6281991e-04  -1.0269204e-03  -1.7978223e-03   4.8089298e-16   3.2033891e-14  -1.6352162e-14   3.6157030e-14   2.6790257e-14  -1.1917735e-03  -2.4696585e-03   5.3340766e-03   4.1416358e-03  -4.8426576e-03   1.3947344e-14  -9.0908085e-15   4.1313670e-15  -1.1914119e-14  -1.3429376e-14   1.0997498e-03   1.8949843e-03   2.2389282e-03   1.1534244e-03   7.4339023e-03   2.1369066e-18   5.5475254e-18   2.7420584e-18   5.4071898e-18  -5.1755661e-18  -7.2734757e-17   1.2535577e-15  -5.9159540e-16   1.1628746e-14  -1.9082028e-14  -1.6338872e-18  -1.6802062e-18  -7.1839077e-18   4.0900310e-18   1.5125744e-18  -6.3616068e-15  -2.7468839e-15  -1.5377788e-15  -2.6142434e-15  -7.7612620e-15   7.4275685e-18   4.8109057e-18  -4.8738892e-20   4.9814544e-18   1.6289475e-18   2.2151447e-17   2.9327832e-15   6.9206544e-15   9.0651158e-15  -7.6077949e-15  -7.3786414e-18   1.0068284e-17  -6.2386886e-19  -2.3296539e-18   2.2841228e-18  -5.2753513e-15   1.0326578e-14  -2.0313292e-14  -1.4759864e-14   2.8780428e-14   3.6728158e-18   1.6172234e-18   7.5238534e-19  -8.4001860e-18  -6.0925416e-18   9.0462293e-15   1.4771060e-15   1.9676509e-15   1.3603558e-16  -1.2234431e-14
   7.9044337e-15   9.6092071e-15  -1.8255965e-15   1.1611706e-14  -6.9294138e-16  -2.9198034e-03  -1.0595449e-03   2.0156175e-03   4.3079920e-03  -2.4764817e-04  -9.1028043e-15   5.2973991e-15  -2.2560116e-15   4.9638036e-15   3.3434499e-15  -8.5696293e-04  -1.5849229e-03   1.0576616e-03  -2.0185297e-03  -1.2965752e-03  -2.0847281e-14   2.5824688e-15  -1.2653955e-14   2.1218292e-14   1.8524207e-14  -5.9420034e-03  -2.4861365e-04  -1.0269204e-03   2.1230189e-03   5.9917399e-04   9.0756002e-15   1.8195217e-14   4.6577142e-15   1.1518819e-14   4.3002020e-15   2.1107015e-03  -4.4687488e-04   4.1416358e-03  -5.6103073e-04  -3.6883648e-03  -1.5820698e-16  -4.5255239e-15   6.4869827e-15  -7.2609088e-15  -8.8614873e-15   3.1559849e-04   4.6906832e-04   1.1534244e-03  -2.5361259e-03   2.3608909e-03  -4.2902898e-18   3.5430639e-18   3.5973438e-18   3.0546845e-18  -4.5910397e-18  -2.1923445e-14  -1.3367827e-14   4.1721968e-15  -6.8202904e-15  -1.0955560e-14  -6.8524909e-19  -2.4144167e-18  -6.5413810e-18   1.1912251e-18  -4.6202014e-18   1.8250043e-14  -3.2141855e-15  -6.3585900e-15  -8.9115614e-15  -3.9597964e-15   3.2877405e-18   3.5668455e-18  -3.3492673e-18  -1.6071697e-18   3.1238079e-18  -2.2076503e-14  -1.0654289e-14  -1.2806659e-15  -5.4791004e-15  -5.6938596e-15  -3.5140845e-18   1.1697639e-17   7.2941796e-19  -2.3071810e-18  -4.6213370e-20   1.7298737e-14   8.5170548e-15  -1.7125291e-14  -6.9850510e-16   1.6744278e-14   8.2536816e-19   2.6257934e-18  -3.8203995e-18  -1.7516127e-18  -3.4032231e-18  -1.7162979e-14   4.1444810e-15   1.5387448e-14   7.4621946e-15  -1.0054713e-14
   2.9323802e-15  -5.5589600e-15   3.2176596e-15  -8.5904041e-15  -1.2389059e-14   3.5454514e-05   8.3069467e-04  -7.2081987e-04  -2.4764817e-04   8.1332064e-03  -1.0442652e-14  -1.0169871e-14  -2.8677964e-15  -1.4149565e-14  -2.8312063e-15   3.1500309e-04  -1.9177433e-03  -3.9731677e-03  -1.2965752e-03  -1.3206309e-03  -6.0726745e-15   8.4297006e-16   2.0755555e-16   9.3146868e-15   6.2439200e-15  -2.2044786e-03   1.0478235e-03  -1.7978223e-03   5.9917398e-04  -1.5608156e-03   2.2673396e-15  -2.9166422e-14   1.7620052e-14  -3.1416530e-14  -2.4967544e-14   1.0317587e-03   3.1979028e-03  -4.8426576e-03  -3.6883648e-03   4.4006166e-03   1.8882768e-14   1.5012365e-14   2.6006040e-16   1.1925106e-14  -4.3615690e-16   1.1923433e-03   1.1655576e-03   7.4339023e-03   2.3608909e-03   4.1959665e-03   3.2424585e-18  -2.2331855e-18   1.4067143e-18   3.7235852e-18  -9.3523964e-19   5.1877592e-15  -6.6221850e-15  -1.5882481e-14  -7.2498600e-15   7.8612437e-16  -3.9366173e-18   1.6661440e-18  -1.6602378e-18   2.5158541e-18   8.9656540e-20   3.6517836e-15  -1.0683094e-15   1.4509084e-16  -9.7808136e-16  -1.7303257e-15   3.9686807e-18   9.1061499e-19  -1.9648496e-18   4.3937487e-18   1.1127363e-19   5.7708848e-15   3.4932874e-15  -8.3173248e-15  -5.7729824e-15   6.2117302e-15  -5.7358623e-20  -8.4968805e-18  -2.6750508e-18   5.7210000e-19   1.9715015e-18   4.9580068e-15  -9.8006284e-15   4.0825046e-14   1.4899910e-14  -6.4798074e-15   2.3695100e-18  -1.5022221e-18   1.1548177e-18  -3.3748228e-18  -4.3724744e-18  -5.1804229e-15  -4.9016039e-15  -1.7616078e-14  -4.5998029e-15  -4.5557488e-15
  -1.8160039e-07   5.6844142e-09  -2.2773614e-07  -2.1243356e-07   3.4952619e-07  -1.3770504e-14   7.3190447e-15  -7.6908263e-16  -9.1028043e-15  -1.0442652e-14   1.3818828e-02  -3.4480398e-08  -1.0072921e-06  -9.2115487e-07   1.5330399e-06  -2.5242513e-14   7.1759814e-16   2.1276438e-15  -1.2351540e-14  -3.5383969e-15   2.9849454e-07   9.6180577e-07   3.6936913e-08  -2.6350334e-07   1.5221553e-07  -1.5865847e-14  -6.0812034e-15   2.0429740e-15  -1.4197904e-14  -3.9758465e-16   8.4894613e-07   1.2200418e-06   6.3088958e-07   2.0602825e-07  -7.0012200e-07  -4.9132726e-15  -2.1498788e-15   3.1584279e-15  -9.8735703e-15  -5.1817445e-16   8.4546959e-07   1.9062384e-06   3.8838388e-07  -2.3068268e-07  -1.8034089e-07  -5.3198250e-15  -5.9168542e-15  -5.9080947e-16  -9.7810359e-15  -3.8170094e-15  -6.4363729e-15  -1.1100638e-14   5.5591208e-16  -7.7899350e-15   7.0693043e-15   3.7786261e-03   1.5756429e-03  -1.7613096e-03   3.9183329e-03   2.2996192e-03   5.2316174e-15  -4.3468137e-15   8.4698450e-16  -1.1213803e-14  -2.2374642e-14  -1.0757834e-03  -3.8421362e-03  -2.4391848e-03  -2.5078257e-03  -5.1731453e-04  -6.8371316e-15  -7.3258828e-15  -1.8341605e-14  -2.3351151e-14   2.7896525e-15   1.2959176e-03  -5.8785792e-03   1.3999106e-03   1.8393851e-04   4.3509464e-03   1.0511416e-14   7.0436848e-15   1.0593977e-14  -1.5512123e-15  -1.3839001e-14  -4.2418591e-03   1.3709408e-03   1.8051970e-03  -5.3827408e-03  -4.1264587e-04  -1.8968408e-15   4.5526519e-15  -1.3723286e-14   2.2867519e-14   8.1448169e-15   2.5026457e-03   9.9178327e-04  -2.1386553e-04   1.8056354e-03  -1.4282377e-03
   5.6844123e-09  -1.0730250e-07  -1.2042580e-07  -1.4126568e-07   4.8522248e-08  -8.5431357e-16   3.1335219e-15   6.3150025e-15   5.2973991e-15  -1.0169871e-14  -3.4480398e-08   1.3819324e-02  -4.9376922e-07  -6.4601942e-07   2.0242591e-07  -4.6160760e-15   6.3934237e-15  -6.7984952e-15  -1.4554761e-14   8.5859719e-15   9.6180577e-07  -2.4113779e-06  -6.0829464e-07   3.6509609e-07   1.8898103e-07  -2.8284523e-15  -4.7747440e-15   8.8886288e-16  -6.0668805e-15  -1.3605441e-15   1.2200418e-06  -2.8198921e-06  -4.7228768e-07   8.3058211e-07   1.1826486e-07   3.2564917e-15  -1.3778423e-14   3.9663962e-15   1.0578587e-14  -1.0607817e-14   1.9062384e-06  -4.6501972e-06  -1.0440677e-06   9.2189937e-07   3.0900432e-07  -5.7231263e-15   1.8890195e-15   3.6299491e-15  -1.0555495e-14   7.0980231e-15  -8.0239449e-15   9.8499466e-15  -1.8076258e-15  -3.5697788e-15   4.5052565e-15   2.5757882e-03  -1.6574253e-03  -2.5517198e-03   3.9646315e-03  -3.1475472e-04   4.9531557e-15   5.3281887e-15   8.2834835e-15   2.4169797e-16  -9.3169374e-15  -1.6031292e-03   1.6147782e-03   6.8737045e-05  -2.6010876e-03  -2.4927057e-04  -1.4444383e-15   3.3553234e-15  -6.4076538e-15  -9.6605235e-15  -4.6505766e-15   2.5387493e-04  -3.6316370e-03  -5.9788455e-04  -3.6085915e-05   6.7621185e-04  -3.3238002e-15  -1.1755696e-14  -1.2460229e-14   6.3555892e-15   6.3505944e-15   3.7550897e-03  -5.2481190e-03  -4.6458741e-03   6.1966599e-03  -3.4280063e-03  -1.0772736e-14   3.1593882e-15  -7.0833384e-15   3.9181845e-15   5.1362533e-15   2.6953314e-03  -1.3253830e-03  -1.5483386e-03   2.8904491e-03  -1.8240419e-04
  -2.2773613e-07  -1.2042580e-07   3.8191451e-07   1.7502470e-07   2.3842103e-07  -7.9714688e-15   2.2194144e-14  -3.7461172e-16  -2.2560116e-15  -2.8677964e-15  -1.0072921e-06  -4.9376922e-07   1.3821282e-02   7.6122029e-07   1.0418378e-06  -1.4083367e-14   1.2292614e-14   3.3363323e-15   1.4376113e-15  -5.4480920e-15   3.6936917e-08  -6.0829464e-07   8.3119983e-07   1.8032124e-07   1.6662670e-07  -5.5506927e-15  -3.0697771e-14   6.3495840e-16  -8.3885033e-15   6.6401637e-15   6.3088958e-07  -4.7228769e-07   8.8979129e-08  -2.1695938e-07  -3.9696403e-07   3.3998749e-15  -2.2143419e-14  -5.9258277e-15  -3.5878709e-15   7.3289316e-15   3.8838388e-07  -1.0440677e-06   1.1264769e-06   1.1686398e-07   1.9565310e-09  -5.1292959e-15  -1.1208842e-14   6.0155144e-15  -9.6985201e-15   1.1067958e-15  -9.6870378e-15  -2.2676237e-15  -5.9935366e-15   2.6579019e-16  -8.2021293e-15   1.4682394e-03  -6.2185896e-03  -8.7694561e-04  -7.0559899e-04   3.3842884e-04   1.2846470e-14   4.8200409e-15  -1.1455866e-14  -1.6935484e-14  -2.2942989e-16  -3.2904056e-03  -5.6015784e-03   4.5473768e-03  -4.1413270e-03   2.6859725e-03  -8.2763674e-15  -3.5493412e-15   1.2934028e-14  -1.5113515e-15   2.2775458e-14   2.1605557e-03   3.7564294e-03   1.0295883e-03   4.4602685e-03   1.7166712e-03   4.6099592e-15  -1.7757002e-15  -3.8774235e-15  -4.7011618e-15  -3.7881512e-16  -4.0883438e-04  -8.2510445e-04  -3.3485660e-04   3.3310259e-04  -2.3793752e-04   1.4356722e-14   1.0584664e-14   1.5631011e-15   8.2611374e-15   1.0982448e-14  -1.9724928e-03   2.5229248e-04   3.4594015e-03  -1.2733774e-03  -4.7021409e-04
  -2.1243358e-07  -1.4126569e-07   1.7502469e-07  -3.1980935e-07  -2.5322573e-07   1.2582298e-15   1.7967954e-14   9.5294537e-15   4.9638036e-15  -1.4149565e-14  -9.2115487e-07  -6.4601942e-07   7.6122029e-07   1.3818209e-02  -1.1069379e-06   1.1056765e-14   1.4903832e-14  -8.0530063e-15  -7.3200070e-15   1.6445972e-15  -2.6350334e-07   3.6509609e-07   1.8032124e-07   4.5375871e-07  -1.7039644e-07   2.1509863e-16  -1.3122913e-15   7.4542551e-16  -4.0650722e-15  -6.8559109e-15   2.0602824e-07   8.3058211e-07  -2.1695938e-07   1.4023495e-06   4.3005579e-07  -2.4822337e-15  -5.5949358e-15   8.4254226e-15   4.3177975e-15  -8.3196589e-15  -2.3068268e-07   9.2189938e-07   1.1686398e-07   1.3455543e-06   1.1010755e-08   1.9970518e-15  -2.7344781e-15   4.7255388e-16   1.1880969e-15   8.2760037e-15   5.3032434e-15  -2.7609851e-15  -3.0524319e-15  -7.9298711e-15  -1.1927227e-14  -2.7096552e-03  -4.9290551e-03   1.5529100e-03  -3.8076065e-03   2.5823414e-03   2.1670624e-14   9.0196717e-15   1.2673914e-14   1.2547628e-14  -1.6911246e-16  -3.4410562e-03   2.9238429e-03   1.7013775e-03  -2.3133948e-03  -2.1771177e-03   5.1971203e-15  -6.6572170e-15   1.7142128e-14  -1.4733010e-14  -1.5428656e-14  -2.1374758e-03  -4.0284099e-04  -1.3198590e-03  -2.1441000e-03   8.4138858e-04   8.2853507e-15   7.7180234e-15   6.7785883e-15   1.1115875e-14   2.1471113e-15  -1.1309266e-03   3.9016124e-03   8.2833911e-04  -1.0198597e-03  -1.9428113e-03  -2.5330715e-14  -1.0092288e-14  -1.1571142e-14  -3.6979953e-15   2.1554816e-14   4.6904789e-03  -3.6269855e-04   4.2877213e-04   5.4989425e-03   4.0020465e-03
   3.4952619e-07   4.8522249e-08   2.3842101e-07  -2.5322574e-07   2.2807446e-07   4.4222801e-15  -3.0709604e-16   8.6943611e-15   3.3434499e-15  -2.8312063e-15   1.5330399e-06   2.0242591e-07   1.0418378e-06  -1.1069379e-06   1.3820603e-02   2.1462532e-14   1.0291459e-14  -5.3150399e-15   4.5683967e-15   4.7869724e-15   1.5221553e-07   1.8898103e-07   1.6662669e-07  -1.7039645e-07   8.2845473e-07   1.5827393e-14   5.8424328e-15  -4.7652205e-15   1.1708397e-14  -3.3745983e-15  -7.0012201e-07   1.1826486e-07  -3.9696403e-07   4.3005579e-07   4.7960456e-07   3.0637032e-15   1.2439725e-16   2.5898421e-15   1.0634727e-14  -5.2549286e-15  -1.8034089e-07   3.0900432e-07   1.9565302e-09   1.1010754e-08   1.3337181e-06   9.4302500e-15   1.7118109e-15  -1.1108512e-14   1.0900172e-14  -8.4310299e-16   3.3517761e-16  -4.0860976e-15   1.2307156e-14   2.9579046e-15  -3.1105843e-15  -4.3063474e-04   9.7864207e-04  -3.6219695e-03  -1.3797354e-03  -2.2784125e-03   2.0563018e-15   5.3837611e-15  -1.8001566e-14   1.1437320e-14  -9.0112751e-15  -5.2212361e-04  -4.4404518e-03  -9.3904298e-05  -2.7699167e-03  -1.5096918e-03   2.6529066e-14   1.0825115e-14   2.5564486e-15  -2.6004002e-15   2.6478330e-15  -5.0822878e-03  -1.0809930e-03   3.6803865e-03  -4.9479070e-03  -5.1333732e-04  -2.4824910e-15   2.6764575e-15  -6.5710559e-15   5.7358110e-15   1.7170424e-15   6.9022514e-04   3.4752759e-04   1.0343041e-03   6.5535401e-04   2.9224399e-04  -3.2136748e-15  -4.1529442e-15  -1.6049376e-14  -2.2296650e-14  -5.3537890e-15  -8.5454050e-04  -7.4322794e-03   7.7399703e-04  -2.8102232e-03   2.7867261e-03
   3.8055617e-15  -1.1396219e-15   1.0288387e-15  -7.9108179e-15  -4.3811298e-15  -1.7561416e-03  -2.0718007e-03  -2.6108634e-04  -8.5696293e-04   3.1500309e-04  -2.5242513e-14  -4.6160760e-15  -1.4083367e-14   1.1056765e-14   2.1462532e-14   5.4443838e-03  -8.5517216e-05  -2.6790204e-03   6.3095850e-03   5.7319740e-04  -6.5342576e-15  -5.4192847e-15   6.9582245e-15  -2.5594495e-16   1.4149083e-14   1.0769694e-03   2.8869713e-03  -1.5842234e-03   4.3973925e-03  -1.6285838e-04  -3.3269261e-15   2.3226012e-16   1.8292655e-15   6.1719432e-15   2.1829552e-15   1.3382258e-03   2.1828032e-03  -3.1192385e-04   5.0277449e-04  -5.6398525e-04  -1.3963515e-14  -4.9942726e-15  -4.6114405e-15   7.7525885e-15   1.0691471e-14   3.7747561e-03   1.7784335e-03  -2.5483611e-03   4.3738655e-03  -1.1700167e-03  -1.6107590e-18  -1.6263722e-18  -4.6954556e-20  -4.3045574e-19  -2.1488705e-19  -1.2298453e-14  -1.0878001e-14  -8.5561659e-15   1.1361343e-14   3.2426761e-15   4.0814557e-19   5.6462263e-19  -3.1317415e-19  -7.5693457e-19  -1.8988329e-18  -6.3962488e-15  -3.1699435e-15   5.4831399e-15  -1.1099277e-14  -1.3170083e-15  -8.7858369e-19  -5.1977992e-19  -5.1507566e-19  -2.3322631e-18   5.4031046e-19  -3.0675330e-15   3.0830992e-15  -7.5414950e-15   1.2277665e-14  -8.9628419e-16   1.7108318e-18  -1.6187515e-18  -2.1036957e-19   4.3178742e-19  -1.7421888e-19   8.2739097e-15  -1.7488440e-15   1.3579155e-15  -1.4692489e-15  -3.6729793e-15  -9.3416742e-19   1.3090808e-19  -1.9828287e-18   1.3006251e-18   1.1961342e-18   5.1629429e-16  -9.3149342e-16  -4.1042938e-15   1.3926606e-14   5.1587366e-15
   7.9005989e-15   5.0619198e-15   2.5276015e-14   8.1483508e-15  -2.4146099e-15  -2.0718007e-03   6.3065380e-03  -5.5633231e-06  -1.5849229e-03  -1.9177433e-03   7.1759814e-16   6.3934237e-15   1.2292614e-14   1.4903832e-14   1.0291459e-14  -8.5517216e-05   1.0128139e-02   2.2659141e-04   1.6244423e-03  -1.9650300e-03  -1.3088191e-14  -1.0693706e-14  -2.7807357e-14  -1.3999975e-14   2.4859108e-15   2.8869713e-03  -7.3994505e-03  -1.3737303e-03   2.3601203e-03   2.3198249e-03  -1.2149387e-14  -1.1521087e-14  -2.3316394e-14  -1.7224411e-14  -5.9940482e-15   2.1828032e-03  -7.0560196e-03  -1.6960486e-03   8.5428943e-04   2.4881487e-03  -6.9695850e-15  -2.5451041e-15  -9.1064306e-15   3.1509334e-15   3.7630542e-15   1.7784335e-03  -1.6140855e-03  -1.7248268e-03   1.9854774e-03  -7.8978478e-04  -2.1717380e-18   6.5690770e-18  -5.3736769e-18  -1.9697262e-18   5.5951451e-18  -8.2021154e-15   3.2021538e-14   2.2783503e-15   1.7164646e-15  -1.0620511e-14   2.2482664e-18  -4.2096645e-18   3.7457609e-18  -5.1734557e-18   5.2306736e-18  -1.9369395e-15   1.9710490e-14  -1.4066323e-15   1.4575122e-15  -5.8262788e-15  -9.1721469e-18  -3.7105222e-19   2.4970778e-18   2.2261199e-18   2.3159325e-18   9.8490636e-16  -7.3400277e-15  -5.0722159e-15  -4.6305004e-16  -2.9008737e-15  -3.2581091e-18   1.3546850e-17   5.6004912e-18  -5.2832018e-18  -2.5060063e-18  -2.5847449e-16   6.4473689e-15   3.4213912e-15   9.0682953e-16  -3.4879999e-15   2.8942886e-18   4.8175814e-18   3.6778521e-18   5.9721796e-18   4.3966305e-18   4.5607891e-15  -5.9879165e-15  -6.4442915e-15   4.7359532e-15   1.1207939e-15
   2.8296576e-15   8.4209537e-15  -1.0461620e-15   1.6404350e-14   4.9104690e-15  -2.6108634e-04  -5.5633172e-06  -1.2112353e-03   1.0576616e-03  -3.9731677e-03   2.1276438e-15  -6.7984952e-15   3.3363323e-15  -8.0530063e-15  -5.3150399e-15  -2.6790204e-03   2.2659141e-04   3.7544423e-03  -2.9856545e-03   1.2898070e-03   5.3429547e-15   1.1427421e-15   2.5626112e-16  -6.1703742e-15  -2.8220102e-15  -1.5842234e-03  -1.3737303e-03   1.6581702e-03  -1.4876035e-03   1.4270637e-03   5.5362228e-15   1.1240230e-14  -9.9989470e-15   1.1942446e-14   9.6929432e-15  -3.1192384e-04  -1.6960486e-03   2.1207701e-03   2.6091430e-04  -1.5730281e-03   6.3028718e-15  -5.8022230e-18   7.2667068e-15   3.3806609e-16  -2.2066562e-14  -2.5483611e-03  -1.7248268e-03  -2.8730109e-03  -4.1284497e-03  -3.0819914e-03  -2.2267113e-18   9.8928539e-19  -3.4973784e-19  -2.4176960e-18   9.7513646e-19  -1.1581811e-14   4.1308239e-15  -6.5318993e-15  -9.6282228e-15  -8.0978563e-15   1.8768398e-18  -1.1193982e-18   1.5838783e-18  -1.4966101e-18  -7.2362937e-19   8.9065113e-15   5.3447263e-15  -1.1259341e-15   9.7016075e-15   2.9395870e-15  -2.6442669e-18  -7.0176653e-19   3.6180435e-19  -2.7755589e-18  -3.1147394e-19  -5.9382041e-15   3.8070621e-15  -2.0672563e-15  -3.6785599e-15  -1.0429298e-14   4.8867969e-19   4.4694073e-18   1.5877143e-18  -1.8989189e-19  -1.4748396e-18   2.3272018e-15   5.8525082e-15  -1.9795408e-15  -6.2226832e-15   1.0774155e-14  -1.7169717e-18   6.3941550e-19  -6.4899153e-19   2.8100336e-18   2.3110303e-18  -1.1374502e-14   5.8857375e-16   1.7570295e-15  -8.8893889e-15  -1.0028127e-15
   5.6407308e-15   7.8380505e-15  -4.3977626e-15   6.9806424e-15  -4.5238238e-15  -8.5696293e-04  -1.5849229e-03   1.0576616e-03  -2.0185297e-03  -1.2965752e-03  -1.2351540e-14  -1.4554761e-14   1.4376113e-15  -7.3200070e-15   4.5683967e-15   6.3095850e-03   1.6244423e-03  -2.9856545e-03   8.4310750e-03   1.5485110e-04  -1.6168203e-14  -4.2501439e-15  -7.7433667e-15   8.7896102e-15   1.1213388e-14   4.3973925e-03   2.3601203e-03  -1.4876035e-03   4.0817031e-03  -3.7337150e-04  -6.7936370e-16   3.6763649e-15  -2.2210811e-15   8.4468637e-15   1.1956707e-14   5.0277449e-04   8.5428944e-04   2.6091430e-04   2.4977021e-03  -1.1380546e-03  -1.8846829e-14  -1.0164767e-14  -3.1923601e-15   4.6231416e-15   1.2445345e-14   4.3738655e-03   1.9854774e-03  -4.1284497e-03   5.8496063e-03  -1.0505224e-03  -9.4304797e-19  -7.9094117e-19  -2.1551747e-18  -7.4620615e-19   2.2532673e-19   2.1342731e-14  -2.7870794e-15  -1.2237822e-15   3.5726743e-15   3.8070564e-16   1.5171407e-18   6.2220787e-19  -6.9821820e-20  -1.8612128e-18   4.6979818e-19  -6.9789628e-15  -1.0745883e-14   4.0527879e-15  -7.9148476e-15   8.8233144e-15  -1.8924768e-18  -9.0722461e-19   1.3851314e-18  -1.5214801e-18   1.0923200e-18   2.7441001e-14   6.0701652e-15  -7.9975489e-15   2.4215846e-14   1.3976705e-15   1.2747252e-18  -9.6301857e-19   4.1407405e-19  -1.0524590e-19  -1.4536968e-19  -9.4975780e-15  -2.4254602e-15  -3.3888231e-15  -6.2945046e-15   6.9080291e-15   9.8110957e-20   6.0212540e-19  -1.0270298e-18   1.2220823e-18   2.5903025e-18   7.6853492e-15   1.5941763e-14  -2.4752189e-16   2.3928434e-15  -1.1615626e-14
  -5.3003468e-15  -8.0197208e-15  -2.4005129e-17  -5.4144484e-15  -1.4767474e-14   3.1500309e-04  -1.9177433e-03  -3.9731677e-03  -1.2965752e-03  -1.3206309e-03  -3.5383969e-15   8.5859719e-15  -5.4480920e-15   1.6445972e-15   4.7869724e-15   5.7319740e-04  -1.9650300e-03   1.2898070e-03   1.5485110e-04   3.1437144e-03   2.2508374e-15   2.0352518e-15   5.4000108e-15   2.3909353e-15   1.7552626e-15  -1.6285838e-04   2.3198248e-03   1.4270637e-03  -3.7337150e-04   5.8260809e-04  -1.9308669e-15  -8.3170890e-15   1.4058315e-14  -9.4402465e-15  -8.4272981e-15  -5.6398526e-04   2.4881487e-03  -1.5730281e-03  -1.1380546e-03   1.0993216e-03   4.2981526e-15   6.5350716e-15   3.1419270e-15   1.3591926e-14  -7.1024041e-15  -1.1700167e-03  -7.8978477e-04  -3.0819914e-03  -1.0505224e-03  -5.1372655e-03  -5.0588254e-19  -4.9890977e-18  -1.2711972e-18  -3.9360022e-18   2.2741306e-18   2.6791255e-15  -1.6449006e-14  -8.1375666e-15  -3.3651136e-15  -8.8998829e-15   1.5731464e-18   2.2415340e-18   4.4209521e-18  -1.7756944e-18  -1.2343982e-18  -4.2227547e-15  -1.1883889e-15   5.0511736e-15  -4.0251733e-15  -1.1930127e-15  -3.1181117e-18  -3.4839706e-18   6.9877265e-19  -4.1722562e-18  -2.0415396e-18  -3.5349491e-15  -3.7833927e-15  -6.5422681e-15  -6.7791776e-15  -5.2866039e-15   5.6616761e-18  -9.4481782e-18  -6.8251927e-19   3.0590668e-18  -9.8716432e-19   1.6561067e-15  -5.3479250e-15   3.2078663e-15   1.0857750e-14  -8.4744249e-15  -3.4684067e-18  -2.3365763e-18  -1.0329475e-18   3.9864389e-18   4.0499372e-18   7.5204946e-15  -1.9579405e-15  -6.2594427e-16   5.0714555e-15   3.7452505e-15
   1.7953042e-06   1.1669306e-06   1.8249329e-06   1.3270521e-06  -2.5377802e-06   1.8875002e-14  -1.0777828e-14   3.0249728e-15  -2.0847281e-14  -6.0726745e-15   2.9849454e-07   9.6180577e-07   3.6936917e-08  -2.6350334e-07   1.5221553e-07  -6.5342576e-15  -1.3088191e-14   5.3429547e-15  -1.6168203e-14   2.2508374e-15   1.3820757e-02   3.7031699e-07   1.2479571e-06   1.0398500e-06  -1.8282312e-06   1.9183097e-14  -3.2363605e-15   8.0800922e-16  -1.8203478e-14  -8.1532493e-15  -1.4103381e-06  -7.6428820e-07  -1.4865803e-06  -1.1386640e-06   2.1076849e-06  -1.6555416e-14  -2.7899902e-15  -1.7926945e-15   3.1558471e-15   2.8464065e-15  -1.3238787e-07   7.4767337e-07  -4.2407751e-07  -6.2370617e-07   8.1081157e-07  -1.1341861e-14  -5.5881958e-16  -2.6447359e-15  -1.2621491e-15  -1.3385951e-15  -8.6718169e-15  -6.2031972e-15  -7.1966349e-15  -1.8410231e-14   7.1040166e-15   9.7498960e-04   1.2714413e-03  -6.9948007e-04   3.2794710e-03   8.7064357e-04   4.6446643e-15   3.3772401e-15   1.6562124e-14  -6.5483012e-15  -6.3892268e-15  -9.3305812e-04   2.0761464e-03  -2.1821538e-04  -2.1393321e-03  -2.0219967e-03  -5.6928075e-17  -6.9582625e-15   1.2271219e-14  -1.9018613e-14  -4.1406561e-15  -1.9468461e-03   5.5167398e-03   1.8314980e-03  -2.7918511e-04   8.0508834e-05   4.9933495e-15   4.1789148e-15   4.0927093e-15   5.4425556e-15  -7.2687069e-15  -2.2135090e-03  -3.3303283e-03   6.4932296e-04  -2.2209897e-03   7.7858990e-04  -1.6266797e-14  -3.8462694e-16  -1.3428267e-14   2.1244941e-14   3.0881948e-14  -6.8037599e-03  -6.4043351e-04  -2.7955554e-03   6.7523872e-03   1.6805848e-03
   1.1669306e-06  -2.1977720e-06   1.7431623e-07   1.5629680e-06  -1.4090781e-07   1.6836289e-15  -5.4542716e-15  -2.5981735e-15   2.5824688e-15   8.4297006e-16   9.6180577e-07  -2.4113779e-06  -6.0829464e-07   3.6509609e-07   1.8898103e-07  -5.4192847e-15  -1.0693706e-14   1.1427421e-15  -4.2501439e-15   2.0352518e-15   3.7031699e-07   1.3819225e-02   3.9810411e-07   9.1680704e-07  -1.8380532e-07   1.1841034e-15   2.0082864e-15  -1.4590293e-14  -6.8837947e-15   1.2990426e-14  -7.6428820e-07   1.3203735e-06  -2.6348099e-07  -1.2069729e-06   1.5287322e-07   7.9860919e-15   1.1123076e-14   8.9796919e-16  -4.7092443e-15  -7.6093199e-15   7.4767337e-07  -2.0595537e-06  -7.0492985e-07  -1.0725460e-09   2.4106936e-07  -6.8894615e-15  -3.1194814e-15   2.1984467e-15  -2.5004888e-15   3.4918178e-15   3.4035987e-15   2.6650030e-15   3.8361096e-15  -1.0064197e-14  -6.4231444e-15   5.2189487e-03   2.9622352e-03   5.2217724e-05  -1.1562047e-03  -2.1084945e-03   5.7683048e-15  -1.0076568e-14  -1.1182523e-15   9.5467056e-16   3.0267687e-15  -2.2561546e-03  -2.2180122e-03  -4.4918639e-04   2.9825158e-04   7.6313431e-04   3.3974738e-15   1.1033565e-14   1.0868788e-14  -6.5352762e-15  -5.1383855e-15   5.2805264e-04   2.9399493e-03   6.4954228e-04  -1.5341423e-03  -1.2843784e-03   6.7919895e-15  -5.2712934e-15   9.9383595e-15   2.3389892e-15  -4.5731490e-15   7.2172146e-03   5.6711579e-03  -7.3038046e-04  -2.2013720e-03  -4.9104668e-03  -9.9090818e-15   8.9541254e-15  -1.9614990e-15  -1.3325453e-16   9.9408867e-15  -4.3174266e-04   2.1397761e-03  -1.0141885e-03   2.2758500e-03  -4.7739493e-04
   1.8249329e-06   1.7431623e-07  -1.9343369e-06  -1.1396841e-06  -1.6519994e-06   2.5052443e-14  -1.7430025e-14   3.0160113e-15  -1.2653955e-14   2.0755555e-16   3.6936913e-08  -6.0829464e-07   8.3119983e-07   1.8032124e-07   1.6662669e-07   6.9582245e-15  -2.7807357e-14   2.5626112e-16  -7.7433667e-15   5.4000108e-15   1.2479571e-06   3.9810411e-07   1.3817929e-02  -8.7207340e-07  -1.2208979e-06   6.7725275e-15   5.0098649e-15   8.4927233e-15  -8.0675728e-15  -8.7385580e-15  -1.4865803e-06  -2.6348100e-07   1.7485704e-06   9.6876536e-07   1.3854343e-06  -1.2534901e-14   1.8252347e-14   1.3357806e-15   1.1145990e-15  -3.0452519e-15  -4.2407751e-07  -7.0492985e-07   1.3947866e-06   4.8571382e-07   6.0115446e-07  -1.4994148e-14   4.2640951e-15   2.1968752e-15  -1.5122515e-15   1.0367444e-15  -1.4309954e-14  -1.1341336e-15   1.3169351e-14   6.1817705e-15   1.6842618e-14  -7.4476747e-03   4.3701647e-03  -1.2659535e-03   3.1149447e-03  -4.6092648e-04   1.0851020e-15  -2.1701822e-15   4.4152170e-15  -1.6881138e-15  -1.6768340e-14  -1.8325548e-03   2.7820186e-03   3.2671669e-03  -4.2186402e-03   3.1211795e-05  -8.2448011e-15  -4.3391178e-15  -7.8727465e-16  -1.1718816e-14  -4.9387503e-15   6.0525877e-03  -6.3411362e-04   1.1279257e-03   5.4624231e-05   9.5042418e-04   8.8074628e-15   7.2643540e-16  -3.6033808e-15  -4.2644629e-15  -1.0797449e-14   3.3872694e-03   7.4582765e-04   8.4005672e-04  -2.5725786e-03  -1.1927094e-03  -4.4070576e-15   3.4810492e-16   7.0062238e-15   1.4842846e-14  -2.5392345e-15  -3.7761598e-04  -1.3038470e-03   1.1605555e-03  -1.2333955e-03   7.6128189e-04
   1.3270521e-06   1.5629680e-06  -1.1396841e-06   3.0701348e-06   1.7628632e-06  -2.0458290e-14  -1.7105394e-14  -9.0459052e-15   2.1218292e-14   9.3146868e-15  -2.6350334e-07   3.6509609e-07   1.8032124e-07   4.5375871e-07  -1.7039645e-07  -2.5594495e-16  -1.3999975e-14  -6.1703742e-15   8.7896102e-15   2.3909353e-15   1.0398500e-06   9.1680704e-07  -8.7207340e-07   1.3821570e-02   1.2994520e-06  -1.5424707e-14  -4.3201671e-15  -1.4948372e-14   2.9431770e-15   1.7545646e-14  -1.1386640e-06  -1.2069729e-06   9.6876536e-07  -2.4231021e-06  -1.4769374e-06   6.9378682e-15   2.0737466e-15   2.2338231e-15  -5.3652820e-15  -2.8571916e-15  -6.2370616e-07  -1.0725450e-09   4.8571382e-07  -2.8804129e-07  -6.3344761e-07   6.6206572e-15   4.3737564e-15   3.3534763e-15  -2.3497239e-15  -5.7137470e-16   1.3610290e-14  -1.0158388e-15   2.0501007e-14  -1.3001986e-14  -2.1016501e-14   4.2811128e-04   2.8600133e-03   2.6849608e-03  -4.9268649e-03  -1.0104470e-03   1.5301812e-14   5.4702207e-15  -1.5805885e-15   4.2750600e-16  -1.2488379e-14   3.0444034e-03  -3.8485841e-03   8.8781146e-04  -3.5193101e-03  -1.7216424e-04   2.7330305e-14   1.3139174e-15   1.3784235e-14  -9.6412028e-15  -2.5463149e-14   5.1812882e-03   9.9569226e-05   1.6412862e-03  -5.3548936e-03  -1.6671985e-03  -2.2239370e-15   2.3719652e-15  -1.2106243e-14   8.3362763e-15   8.6476356e-15  -1.9264087e-03  -3.9826940e-03  -1.1239047e-03   1.7353978e-03   1.3122163e-03  -2.4734420e-14  -9.7342214e-15  -6.6382539e-15  -9.5998233e-15   6.7776881e-15   1.5024549e-03   3.4787359e-03   6.2542591e-04   3.1578477e-03   1.2609429e-03
