   1.2866326e-02   1.2300096e-03  -6.6219654e-04   1.8396880e-03   6.6515677e-04   2.3087719e-03  -2.0718770e-06   5.1033424e-06   3.0353223e-06   6.5936273e-06   8.8041339e-07  -7.4727182e-04  -7.1388614e-05   3.5102281e-05  -1.0766879e-04  -3.9062982e-05  -1.3456312e-04  -6.6077191e-06   3.1833271e-07   2.2403261e-06  -5.5669299e-06  -7.6064432e-08  -1.7415152e-04  -1.8952124e-05   9.9699831e-06  -2.8993866e-05  -1.0203759e-05  -3.8403179e-05   6.3699922e-06   4.9849538e-06   4.9811175e-06   1.5288137e-06   1.3806136e-05  -3.3209562e-04  -3.1342613e-05   1.5250101e-05  -4.7180904e-05  -1.7230960e-05  -5.8539058e-05   1.0690417e-05  -1.1329278e-05  -4.6091226e-06   1.0762198e-05   5.6063338e-08  -3.6038775e-04  -3.4073740e-05   1.6527317e-05  -5.1318569e-05  -1.8986649e-05  -6.3980471e-05   2.8709114e-06   4.5689673e-06  -2.6588711e-06  -3.0571794e-06  -4.8352955e-06  -3.8572645e-04  -3.6605299e-05   1.7935336e-05  -5.5244594e-05  -2.0021380e-05  -6.9555414e-05  -2.1603768e-09  -1.0021229e-06  -1.1804570e-06  -1.9059650e-06   3.0808863e-07  -1.8072553e-06  -1.8035164e-07  -1.0518014e-05  -6.0644911e-06  -6.7404286e-06   3.5140948e-06  -1.7216624e-03   2.4593867e-03  -7.1731977e-04   4.2787162e-03  -3.0522927e-03   8.4514761e-06   6.0244442e-06  -1.1211980e-06   7.0380917e-06   2.0542418e-06  -6.3867616e-06   1.4071812e-03  -4.8358512e-04   9.1678743e-04  -1.4504458e-03  -2.2058191e-04   1.2389383e-05  -8.4079818e-07  -9.9649429e-06  -1.9735389e-06  -3.6491783e-08   3.5782777e-06  -5.2520036e-04   3.7106904e-03   1.7937799e-03   4.4077236e-03  -7.9113864e-04  -5.3500423e-06   8.3458947e-06  -7.2977138e-06   3.9566030e-06  -9.6810626e-06  -8.5112370e-06  -2.1476208e-03   2.5971549e-03   4.3338020e-04   5.7355359e-03  -4.1272306e-03  -7.8066737e-06  -2.0678197e-06   1.2923275e-07  -4.6982416e-06  -4.1445692e-06   3.1024776e-06  -2.3369010e-03   1.7421168e-03   1.3638546e-04   4.4063026e-03  -2.9336872e-03
   1.2300096e-03   1.1980127e-02   9.4297014e-04  -2.6197912e-03  -9.4855854e-04  -3.2882944e-03   3.5898215e-06  -3.0965481e-06  -1.1950211e-06  -7.9957909e-06   4.7950047e-06  -7.1393886e-05  -6.9767022e-04  -5.4402950e-05   1.5591276e-04   5.5564074e-05   1.8899701e-04  -4.0460796e-07   5.8217475e-06   6.3883738e-08  -1.2817441e-06  -2.7634759e-06  -1.9278310e-05  -1.6174119e-04  -1.6750926e-05   4.2920637e-05   1.4762336e-05   5.2657289e-05   4.8747780e-07   2.5362266e-06   3.0123611e-06   4.4385587e-06   4.5610697e-06  -3.1280188e-05  -3.1009845e-04  -2.3356096e-05   6.8116452e-05   2.4344483e-05   8.2467720e-05   6.4767021e-06  -4.6360605e-06  -2.4726898e-06   5.9276626e-06  -3.0976535e-08  -3.4102711e-05  -3.3618162e-04  -2.5388655e-05   7.4106925e-05   2.6552806e-05   8.9904778e-05  -6.5152824e-06  -5.2506874e-06   2.5067491e-06   7.4889378e-07   1.8976422e-06  -3.6759300e-05  -3.6076307e-04  -2.8572770e-05   8.0436197e-05   2.8295868e-05   9.7365574e-05  -1.1667532e-06   1.4557847e-06  -3.9810455e-07   2.1444220e-06  -7.7876021e-07   2.4538227e-06   3.4692230e-07   1.5014104e-05   8.9079929e-06   9.6038473e-06  -4.6204872e-06   1.1911558e-03  -3.2996964e-03  -2.0382652e-03  -4.9653299e-03   2.4602062e-03  -1.2106756e-05  -8.5416737e-06   1.3903349e-06  -9.6187072e-06  -2.7942961e-06   9.3773505e-06   7.2025265e-04  -5.9455294e-04  -1.6545661e-03  -1.6349016e-03  -3.8702504e-04  -1.7794784e-05   1.2919542e-06   1.4219121e-05   2.8748500e-06   1.1966130e-07  -5.4334181e-06  -1.0215781e-03   3.9517050e-04   8.4336383e-04   2.3689471e-03  -3.0763869e-03   7.4890126e-06  -1.1895580e-05   1.0146855e-05  -5.6740645e-06   1.3816090e-05   1.2367391e-05  -2.6469774e-03   3.2360950e-03   6.5516336e-04   6.1657534e-03  -2.9550412e-03   1.0926957e-05   2.8284343e-06  -2.5598109e-07   6.7737697e-06   5.9163568e-06  -4.2557922e-06   1.1589981e-03  -2.9168654e-03  -1.4041382e-03  -4.2821357e-03  -2.5299174e-04
  -6.6219654e-04   9.4297014e-04   1.3228419e-02   1.4061340e-03   5.0765733e-04   1.7587811e-03   4.2690057e-06  -6.9798284e-06  -3.8970098e-06  -1.1598829e-05   2.4808305e-06   3.5386710e-05  -5.5018076e-05  -7.6939070e-04  -8.2115419e-05  -3.0049893e-05  -1.0372628e-04   7.2856202e-06   1.1455108e-06  -2.2018785e-06   1.5930765e-06  -1.1740442e-07   1.0082166e-05  -1.6301244e-05  -1.8114025e-04  -2.3270077e-05  -7.2914191e-06  -2.6922906e-05  -5.4529405e-06  -3.4592409e-06  -2.8358027e-06   4.3971466e-07  -9.9057159e-06   1.5394515e-05  -2.3778047e-05  -3.4150690e-04  -3.5694988e-05  -1.3354931e-05  -4.5668427e-05  -6.0676173e-06   7.4110095e-06   2.9296805e-06  -8.3510099e-06   4.6093101e-07   1.6856666e-05  -2.5795554e-05  -3.7058904e-04  -3.8919163e-05  -1.4683063e-05  -4.9678291e-05  -5.9764447e-06  -8.2571907e-06   3.8843425e-06   1.7902764e-06   6.4217388e-06   1.8471204e-05  -2.8929775e-05  -3.9722740e-04  -4.2197883e-05  -1.5019727e-05  -5.3203320e-05  -6.1636902e-07   1.1834322e-06  -4.7208617e-07   1.7022604e-06   5.5225417e-07  -1.3256511e-06  -1.9003911e-07  -8.0925605e-06  -4.6354018e-06  -5.2154297e-06   2.9396960e-06   2.4001868e-03  -3.2648470e-03  -8.2585714e-04  -5.5520148e-03   1.2237010e-03   6.3851739e-06   4.6633986e-06  -7.1029108e-07   5.3910619e-06   1.4901266e-06  -5.0890542e-06   1.4173503e-03  -1.6552833e-03  -3.5907764e-04  -3.6665442e-03   1.7766491e-03   9.6049293e-06  -8.0549616e-07  -7.8017123e-06  -1.7045924e-06  -1.0586062e-07   3.0770562e-06   1.5040672e-03  -3.1627363e-03   6.0049205e-04  -4.4819428e-03   2.3509675e-03  -4.1273205e-06   6.2833395e-06  -5.2779023e-06   2.8549769e-06  -7.4863707e-06  -6.7734515e-06   6.9232209e-04   2.3679019e-03   1.8114733e-03   1.6090233e-03   1.1468444e-03  -5.9533812e-06  -1.5173317e-06  -3.7327585e-08  -3.6218258e-06  -3.0564990e-06   2.3849714e-06  -1.8045907e-03   2.6753118e-03   1.3886080e-03   5.4595281e-03  -4.2592746e-03
   1.8396880e-03  -2.6197912e-03   1.4061340e-03   9.8101770e-03  -1.4206581e-03  -4.9183745e-03   4.2783666e-06  -4.0476918e-06  -1.5395394e-06  -9.6239832e-06   5.0319861e-06  -1.0744085e-04   1.5540767e-04  -8.0815872e-05  -5.7028469e-04   8.3078632e-05   2.8310388e-04   4.5435198e-07   6.2262563e-06  -8.4617978e-07  -1.3649980e-06  -3.1577868e-06  -2.8867066e-05   4.3145034e-05  -2.3403119e-05  -1.2668950e-04   2.2869871e-05   7.9254365e-05  -1.9435687e-07   2.0455968e-06   2.5333038e-06   4.5861692e-06   3.2495400e-06  -4.7110795e-05   6.7823373e-05  -3.5093187e-05  -2.5444868e-04   3.6274850e-05   1.2342808e-04   6.1105277e-06  -3.9648155e-06  -2.5082007e-06   5.1579507e-06  -5.1384969e-08  -5.1233382e-05   7.3855769e-05  -3.8366704e-05  -2.7568654e-04   3.9357223e-05   1.3463224e-04  -7.7160163e-06  -6.5783638e-06   2.9892689e-06   1.0053511e-06   2.8142250e-06  -5.5212567e-05   8.0227516e-05  -4.1752476e-05  -2.9482159e-04   4.2864679e-05   1.4571065e-04  -7.9874677e-07   1.3594168e-06   6.1971216e-07   2.1258091e-06  -1.4620881e-06   3.5993462e-06   4.2868517e-07   2.2430011e-05   1.3261201e-05   1.4449481e-05  -7.0208308e-06  -8.8990101e-04  -4.1863673e-04   3.0553473e-04   1.2908976e-03  -2.9097650e-03  -1.7953206e-05  -1.2958042e-05   2.0479971e-06  -1.4811091e-05  -4.1931029e-06   1.3430397e-05  -1.5402491e-03   3.9181127e-03   2.2740871e-03   5.9602384e-03  -1.9477559e-03  -2.6433482e-05   2.0069148e-06   2.1376051e-05   4.3526167e-06   8.3681900e-08  -8.0593323e-06   1.4944704e-03  -2.7157780e-03  -4.3817363e-04  -4.0082226e-03   1.6607957e-03   1.1174765e-05  -1.7622817e-05   1.5200299e-05  -8.4829630e-06   2.0734382e-05   1.8793356e-05  -1.0444186e-03   2.2566566e-03  -4.3595457e-04   3.1420034e-03  -1.1998560e-03   1.6498243e-05   4.2344072e-06  -3.4186447e-07   9.5902108e-06   8.7940558e-06  -6.6959713e-06  -1.4475319e-03   1.5535804e-03   9.3699777e-04   3.2164065e-03  -9.4325306e-05
   6.6515677e-04  -9.4855854e-04   5.0765733e-04  -1.4206581e-03   1.3214036e-02  -1.7803744e-03  -3.8919993e-07   4.8344645e-07   3.7190420e-07   1.1443314e-06  -7.7642523e-07  -3.8937761e-05   5.4940324e-05  -2.9375472e-05   8.2564158e-05  -7.7218863e-04   1.0297778e-04  -3.8205221e-07   1.6497677e-07  -3.6503965e-08   1.1203558e-06   7.0945919e-08  -1.0090045e-05   1.4480969e-05  -7.6887406e-06   2.3312181e-05  -1.8146567e-04   2.8876766e-05  -1.8377580e-07  -1.7074008e-07  -3.8777243e-07  -1.9263110e-07  -6.0839011e-07  -1.7137318e-05   2.4172994e-05  -1.2942854e-05   3.5917272e-05  -3.4286552e-04   4.4904319e-05  -7.1407964e-07   6.6252152e-07   2.9958733e-07  -4.1377792e-08  -4.8411253e-08  -1.8741881e-05   2.6430984e-05  -1.4369962e-05   3.9062946e-05  -3.7203343e-04   4.8861717e-05   3.1380642e-07   8.2214549e-07  -2.3421130e-07   4.4564855e-07  -2.4798693e-07  -1.9617649e-05   2.8256376e-05  -1.4782294e-05   4.2638490e-05  -3.9871096e-04   5.3208468e-05   4.0103177e-07  -8.6004398e-08   1.3255244e-06   1.1391956e-07  -6.1990251e-07   1.4294993e-06   1.4861875e-07   8.0686610e-06   4.6786541e-06   5.1306536e-06  -2.6396617e-06  -1.3630930e-03   3.2316681e-03   1.7298691e-03   5.1364636e-03  -1.0859920e-03  -6.4776465e-06  -4.6862397e-06   9.0258456e-07  -5.4297791e-06  -1.4904370e-06   4.8854144e-06   2.5786427e-03  -2.2989926e-03  -3.6297055e-04  -5.6638450e-03   5.0656743e-03  -9.6234554e-06   7.1973826e-07   7.7255258e-06   1.6614543e-06   1.6552521e-07  -2.9482352e-06   2.2712610e-03  -2.5590615e-03  -5.6836851e-04  -5.1638942e-03   1.8160192e-03   4.1737177e-06  -6.3434913e-06   5.4592156e-06  -2.8927425e-06   7.4841854e-06   6.9131243e-06   2.4848800e-04   1.2680942e-03   8.4037394e-04   1.5378346e-03  -1.8818614e-03   5.9266230e-06   1.6821565e-06  -4.4378270e-08   3.8263498e-06   3.1305347e-06  -2.1243223e-06   8.0480503e-04  -1.7478732e-03  -2.5009967e-03  -3.0298489e-03   6.3593537e-04
   2.3087719e-03  -3.2882944e-03   1.7587811e-03  -4.9183745e-03  -1.7803744e-03   7.5666042e-03  -4.7982052e-06   4.5046358e-06   1.6199759e-06   1.0680776e-05  -5.5708783e-06  -1.3559600e-04   1.9014749e-04  -1.0318697e-04   2.8560371e-04   1.0445547e-04  -4.4203419e-04  -1.3995637e-06  -5.6159530e-06   1.3033864e-06   3.1854179e-06   1.9936809e-06  -3.8086222e-05   5.2582061e-05  -2.7015639e-05   7.8675247e-05   2.8852058e-05  -9.2693607e-05   3.1518884e-07  -1.9658181e-06  -2.7706901e-06  -4.5211928e-06  -3.8613547e-06  -5.9085834e-05   8.3014009e-05  -4.5388279e-05   1.2477847e-04   4.5620367e-05  -1.9820434e-04  -6.2249147e-06   4.3061508e-06   2.6158517e-06  -4.1223096e-06  -4.3757968e-07  -6.4458692e-05   9.0466966e-05  -4.9375463e-05   1.3607192e-04   4.9685570e-05  -2.1456729e-04   8.5244058e-06   8.2302185e-06  -3.2717490e-06  -3.8769941e-07  -3.9111659e-06  -6.9921686e-05   9.7895655e-05  -5.2865161e-05   1.4714853e-04   5.4082629e-05  -2.2871763e-04   4.3071782e-07  -7.6844118e-07  -1.0610392e-06  -1.2995679e-06   1.0275730e-06   4.7962685e-06   7.7650562e-07   2.8090263e-05   1.6751056e-05   1.7994928e-05  -9.1076389e-06   5.0966043e-04   1.1475824e-03  -1.6116414e-04   1.4961474e-04   5.2956210e-04  -2.2654526e-05  -1.6345532e-05   2.7514237e-06  -1.8434116e-05  -5.1330845e-06   1.7308155e-05   1.0315540e-03  -2.7983572e-03  -5.8634693e-04  -3.8372892e-03   7.2161826e-04  -3.3111249e-05   2.3008127e-06   2.7102986e-05   5.1730866e-06   6.8362656e-08  -1.0561365e-05  -1.0701163e-03   3.1795814e-03   9.0696315e-04   3.7944669e-03   1.6634924e-04   1.4421232e-05  -2.2066407e-05   1.8869796e-05  -1.0589260e-05   2.6099643e-05   2.3427755e-05   1.5662151e-03  -2.2424207e-03   4.3555471e-04  -3.6301868e-03   1.8582434e-03   2.0682094e-05   5.3639388e-06  -5.4081195e-07   1.2469385e-05   1.0970337e-05  -8.3688687e-06  -1.0864210e-03   2.2377689e-03   1.1716036e-03   3.8027059e-03  -2.2888457e-03
  -2.0718770e-06   3.5898215e-06   4.2690057e-06   4.2783666e-06  -3.8919993e-07  -4.7982052e-06   2.2485674e-03  -3.0612153e-03  -7.8719145e-04  -5.7153057e-03   2.7932901e-03  -2.1094390e-05   3.5228678e-05   4.1398082e-05   4.1817470e-05  -3.9688414e-06  -4.6838615e-05   3.1658758e-04   6.1435906e-04  -6.5958720e-04   2.0722380e-04  -2.2410991e-04  -4.9336333e-06   8.2604666e-06   9.8236414e-06   9.7109801e-06  -9.9732143e-07  -1.1216775e-05  -4.7269157e-04   1.2817754e-03   7.8834385e-04   1.6190782e-03   5.1092187e-04  -9.3187865e-06   1.5496926e-05   1.8422076e-05   1.8503785e-05  -1.7188701e-06  -2.0887250e-05  -6.5904349e-05  -3.2314431e-05  -3.1506690e-04  -5.0527047e-04  -9.5918346e-05  -1.0116056e-05   1.6783977e-05   1.9834506e-05   1.9865703e-05  -1.8897554e-06  -2.2492140e-05  -9.3375837e-04  -1.5324083e-03   8.9636731e-05  -3.7675773e-04   7.6498859e-04  -1.0889419e-05   1.8141949e-05   2.1287786e-05   2.1508253e-05  -2.0013340e-06  -2.4235667e-05   8.7223317e-05   2.7883629e-04   1.2554234e-03   7.6796310e-04  -9.8501996e-04   1.6064599e-03   3.4826146e-04  -7.3746818e-04   1.2928612e-03  -1.5130165e-03  -3.9011007e-04  -9.6149614e-08  -4.4831271e-08  -5.2517465e-09   5.4774812e-09  -3.6179628e-09   1.1742359e-03  -1.8342903e-03   9.9812158e-04   1.3681734e-03   1.4001751e-03   2.0870200e-04   8.4266843e-08   5.2559478e-08  -6.6533041e-08  -2.7386933e-08  -2.2491951e-08   9.7442823e-04   5.5677190e-06   5.6539642e-04   1.3314044e-06   2.2143066e-03  -1.1801222e-04  -9.7944965e-08  -7.4923610e-08   6.5862885e-09  -7.4896693e-09   3.2482352e-08   2.3664789e-03   1.5895505e-03  -1.2937143e-03   6.2448231e-04   6.3444247e-04  -1.0108857e-03   3.5841371e-08   1.0792162e-07   2.0607851e-09   3.5236228e-09  -3.1792482e-08  -1.1139359e-03  -3.4582349e-04  -2.3438499e-03   4.2636153e-04  -2.9571179e-04  -1.1578957e-03  -1.7957395e-07   1.1841918e-08  -1.1491830e-08   3.8770389e-08   3.9667812e-12
   5.1033424e-06  -3.0965481e-06  -6.9798284e-06  -4.0476918e-06   4.8344645e-07   4.5046358e-06  -3.0612153e-03   5.9247985e-03   1.9168447e-03   9.4905774e-03  -3.7034389e-03   5.1044310e-05  -3.1321654e-05  -6.9298987e-05  -4.0090246e-05   4.9156716e-06   4.6608586e-05   6.1436000e-04   1.1999495e-04  -1.4533614e-04  -6.7739697e-04  -2.8557184e-04   1.2179293e-05  -7.3493671e-06  -1.6181621e-05  -9.5071044e-06   1.0879714e-06   1.0607216e-05   1.2817753e-03  -2.0305653e-04   8.5302163e-04  -1.9420778e-03   3.6148182e-03   2.2641266e-05  -1.3857761e-05  -3.0801879e-05  -1.7786444e-05   2.2508271e-06   2.0896713e-05  -3.2313974e-05  -1.5655116e-05  -1.6242752e-04   5.1059106e-04  -7.9454934e-04   2.4585592e-05  -1.5142760e-05  -3.3388949e-05  -1.9544355e-05   2.4001903e-06   2.2503375e-05  -1.5324087e-03  -4.6833416e-04   5.9387770e-04   1.4712714e-03  -5.6165644e-04   2.6430370e-05  -1.6123778e-05  -3.5743651e-05  -2.0700645e-05   2.5422161e-06   2.4090340e-05   2.7883624e-04  -8.6141959e-04  -9.0552777e-04  -1.4796694e-03   8.2152056e-04  -2.0347742e-03   5.2370026e-04   1.1540532e-03  -2.7052382e-03   7.7335750e-04   1.2246186e-03  -7.8785246e-08  -1.5968811e-07  -5.3714217e-08  -5.6615343e-08  -7.8670847e-08  -3.2783910e-04   2.7301978e-03  -9.2020454e-04  -8.4138052e-04  -3.1849620e-03  -2.4995970e-04   3.7524519e-08   6.7188296e-08   2.4702145e-08   8.8530225e-09  -2.6666695e-08  -8.3486700e-04  -6.7134568e-04  -2.1186152e-03   4.2945006e-04  -2.6199945e-03  -1.4292752e-04  -2.8982274e-09  -2.0585217e-07   3.9026241e-08  -1.9843243e-08  -7.0072483e-08  -4.0796924e-03  -1.8265028e-03   6.0851050e-04  -7.0766877e-04  -1.1173186e-03   5.0712021e-04   7.4756106e-09   1.2447191e-07  -3.2948375e-08  -2.4490588e-08   3.9432505e-08   9.6312949e-04  -1.2363857e-03   3.2901582e-03   3.5680819e-04  -7.8421622e-04   1.9015038e-03  -4.5346731e-08  -2.1348322e-07  -1.5444508e-08  -7.9952603e-08   4.5303645e-09
   3.0353223e-06  -1.1950211e-06  -3.8970098e-06  -1.5395394e-06   3.7190420e-07   1.6199759e-06  -7.8719145e-04   1.9168447e-03   1.3225646e-03   3.0369797e-03  -9.7139103e-04   2.9516059e-05  -1.1205607e-05  -3.7381150e-05  -1.4357765e-05   3.4321739e-06   1.6785451e-05  -6.5958688e-04  -1.4533618e-04  -1.0492281e-03   5.5452534e-05   5.1256712e-04   7.0886086e-06  -2.6629794e-06  -8.7221154e-06  -3.4992174e-06   7.9448005e-07   3.6790210e-06   7.8834405e-04   8.5302065e-04   6.8905446e-04  -4.2578585e-04   2.5925712e-03   1.3030294e-05  -4.9486375e-06  -1.6624014e-05  -6.3541363e-06   1.5115834e-06   7.5698761e-06  -3.1506714e-04  -1.6242780e-04  -5.8475250e-04   2.1672870e-04  -3.1471105e-04   1.4151367e-05  -5.3594801e-06  -1.7976544e-05  -6.7346369e-06   1.6208616e-06   8.0996778e-06   8.9635368e-05   5.9387668e-04  -8.2220862e-04   2.4049991e-04  -5.8280375e-04   1.5322016e-05  -5.8932118e-06  -1.9520633e-05  -7.4475124e-06   1.8255308e-06   8.7108635e-06   1.2554234e-03  -9.0553116e-04   2.7189503e-03  -9.2223400e-04  -1.1845645e-03  -8.6132841e-04   6.6781617e-04  -2.8545292e-04  -2.1011221e-03   4.5714666e-04   7.8438741e-04  -2.8655868e-10   4.0205125e-08  -9.6566658e-08   4.9707404e-08  -2.2201540e-08   4.2937136e-04   2.1406234e-03   1.0196688e-04  -3.3348568e-04  -1.3798243e-03  -2.8594203e-04   1.9748198e-08   6.7479034e-09   7.6885009e-08   2.2297570e-08   6.2380246e-09   5.3352408e-04  -9.0506593e-04  -1.4947258e-03   2.4009948e-04  -1.4308773e-03   4.7853196e-04   6.1156531e-09   4.5963988e-08  -1.7116607e-07   4.5409132e-08  -1.4697680e-09  -2.0173031e-03  -6.0728706e-04  -5.5110455e-05   3.6641367e-04  -9.9765443e-04  -4.5085611e-04   6.8701671e-09  -4.6878527e-08   3.4672852e-08  -3.9577438e-09   4.2246623e-08   4.5295066e-04  -4.1048111e-04   1.8863406e-03  -5.0930454e-05  -1.3653952e-03   1.3618320e-03   7.8223650e-09  -1.0870703e-08  -2.3023880e-07  -5.9420527e-08  -1.9120066e-08
   6.5936273e-06  -7.9957909e-06  -1.1598829e-05  -9.6239832e-06   1.1443314e-06   1.0680776e-05  -5.7153057e-03   9.4905774e-03   3.0369797e-03   1.6352650e-02  -7.3217078e-03   6.6430655e-05  -7.9208424e-05  -1.1368984e-04  -9.4674139e-05   1.1053608e-05   1.0697470e-04   2.0722252e-04  -6.7739608e-04   5.5452811e-05  -6.4079412e-04   3.1803012e-04   1.5610966e-05  -1.8637310e-05  -2.6655578e-05  -2.2222798e-05   2.5971188e-06   2.4986904e-05   1.6190781e-03  -1.9420780e-03  -4.2578611e-04  -4.0387597e-03   2.5041358e-03   2.9484702e-05  -3.5221494e-05  -5.0424780e-05  -4.2012841e-05   4.8860541e-06   4.7304534e-05  -5.0527113e-04   5.1059087e-04   2.1672606e-04   6.9315177e-04  -5.7871613e-04   3.1977191e-05  -3.8107620e-05  -5.4726616e-05  -4.5446183e-05   5.3089452e-06   5.1461232e-05  -3.7675653e-04   1.4712716e-03   2.4049932e-04   2.0197624e-03  -1.2931572e-03   3.4294601e-05  -4.0998864e-05  -5.8730573e-05  -4.8928680e-05   5.7012159e-06   5.5305193e-05   7.6796345e-04  -1.4796707e-03  -9.2223248e-04  -2.6068177e-03   1.3785340e-03  -4.3878493e-03   2.2591516e-05   1.3192906e-03  -4.4912058e-03   2.7085357e-03   1.5246077e-03  -5.6289274e-09  -1.1719784e-08  -3.4590934e-08  -3.7261861e-08  -5.5093517e-08  -1.4054737e-03   5.5645709e-03  -2.3787639e-03  -2.5715085e-03  -4.3969297e-03  -8.5383319e-04  -1.2589255e-08   5.1241448e-08   8.2060096e-09   5.2875987e-08  -1.1952384e-08  -1.3493737e-03  -4.8484777e-04  -2.9311670e-03   4.5963170e-04  -5.6303355e-03   1.7870317e-04  -1.1338571e-07  -4.2256847e-08  -1.2438279e-07  -9.5641922e-08  -8.7375629e-08  -7.0714777e-03  -3.4739853e-03   1.8727684e-03  -1.2677550e-03  -2.6428625e-03   1.5114561e-03   2.1097582e-08   1.5278515e-08   7.0707604e-08   3.4957704e-08   8.4662967e-08   2.0145456e-03  -2.9089333e-04   6.4101813e-03  -8.2316706e-04  -5.8949545e-04   3.5688418e-03   7.2338102e-08  -6.8493564e-08  -7.4212915e-08  -2.3015421e-07   8.6047842e-11
   8.8041339e-07   4.7950047e-06   2.4808305e-06   5.0319861e-06  -7.7642523e-07  -5.5708783e-06   2.7932901e-03  -3.7034389e-03  -9.7139103e-04  -7.3217078e-03   4.8498937e-03   7.6362302e-06   4.7621514e-05   2.3181049e-05   5.0159084e-05  -6.9916223e-06  -5.3826815e-05  -2.2411101e-04  -2.8557321e-04   5.1256608e-04   3.1802947e-04  -5.3803978e-04   2.1584814e-06   1.1147479e-05   5.4604680e-06   1.1463994e-05  -1.7626114e-06  -1.3217667e-05   5.1092211e-04   3.6148167e-03   2.5925710e-03   2.5041360e-03   3.6022168e-03   3.3702534e-06   2.1131574e-05   1.0261770e-05   2.2332876e-05  -3.1034477e-06  -2.3818391e-05  -9.5917468e-05  -7.9454976e-04  -3.1471091e-04  -5.7871547e-04  -8.2204545e-04   3.6125072e-06   2.2976216e-05   1.1189640e-05   2.4344284e-05  -3.3700521e-06  -2.5856170e-05   7.6498838e-04  -5.6165752e-04  -5.8280248e-04  -1.2931577e-03  -6.5922344e-04   3.9010085e-06   2.4623309e-05   1.2054462e-05   2.5951695e-05  -3.7157707e-06  -2.7758014e-05  -9.8501959e-04   8.2152085e-04  -1.1845644e-03   1.3785366e-03  -2.6265634e-04   2.7556278e-03   9.1211422e-04   1.2291492e-03   1.7838139e-03  -1.1994220e-03  -1.8041982e-04   7.0405801e-08  -2.9902251e-08  -2.1792946e-08  -5.6705841e-08  -7.5654420e-08   1.8970484e-04  -3.1906912e-03   2.0321136e-03   1.0440739e-03   2.3162133e-04   1.4569783e-03  -5.7843637e-08  -3.3670729e-08   2.8799954e-08  -1.6469737e-08   1.0682006e-08  -9.1541239e-04  -7.4185098e-04   1.3804718e-03   1.9255052e-04   2.8966086e-03  -5.4225656e-04   5.4365765e-08   9.0598851e-09  -4.6124118e-08  -7.3889850e-08  -4.1225515e-08   3.0926422e-03   4.7815490e-04  -3.6724369e-04   3.2437685e-04   2.8324317e-03  -2.7511189e-04  -5.2519786e-08  -2.7738695e-08  -9.9639057e-09  -4.9008567e-09  -3.7600994e-08   1.4755054e-04  -1.3004923e-03  -2.8130103e-03   2.2047856e-03  -3.2147484e-04  -1.7231376e-03   5.2158956e-08   2.5938761e-08   6.1992263e-08   4.8968762e-08  -2.2149983e-07
  -7.4727182e-04  -7.1393886e-05   3.5386710e-05  -1.0744085e-04  -3.8937761e-05  -1.3559600e-04  -2.1094390e-05   5.1044310e-05   2.9516059e-05   6.6430655e-05   7.6362302e-06   5.6377562e-03   5.4470037e-04  -3.2189776e-04   8.0696363e-04   2.8982546e-04   1.0015471e-03  -6.8332340e-05   1.0499714e-05   2.2591853e-05  -4.1920882e-05  -6.8691863e-06  -1.7418829e-03  -1.6746021e-04   8.3129481e-05  -2.5148285e-04  -9.0592684e-05  -3.1699377e-04   6.0272206e-05   4.9878613e-05   4.8315003e-05   1.8024039e-05   1.3182727e-04  -3.2383464e-03  -3.0772076e-04   1.5152195e-04  -4.6382406e-04  -1.6845522e-04  -5.8532369e-04   1.0177871e-04  -1.0657805e-04  -4.4074791e-05   1.0991549e-04  -1.9990012e-06  -3.5119700e-03  -3.3350647e-04   1.6477547e-04  -5.0227704e-04  -1.8319569e-04  -6.3577335e-04   2.5318845e-05   4.7217215e-05  -2.4987187e-05  -2.3215911e-05  -5.0200576e-05  -3.7735991e-03  -3.5865217e-04   1.7724453e-04  -5.4048863e-04  -1.9683060e-04  -6.8274163e-04  -2.7762028e-06  -6.3684721e-06  -1.1214150e-05  -1.2452604e-05  -2.9062871e-07  -1.8770670e-07   1.0307220e-06   2.4003936e-06   2.8177331e-06   1.3455416e-06  -6.3816344e-07   2.8314299e-03   1.0758709e-03   1.0690487e-03  -7.3691592e-04  -1.2289377e-03  -1.3211883e-06  -1.4431324e-06  -6.0789283e-07  -1.2364594e-06  -2.3545191e-07   2.2109053e-06   1.3248915e-03   2.0299259e-03  -4.1957296e-03   3.9941846e-04   5.3905193e-04  -3.1966127e-06   1.6700057e-06   2.6176119e-06   2.1525545e-06   2.8575536e-07  -1.4978990e-06   1.8713149e-03   1.3699256e-03  -2.1950934e-03  -3.7040754e-04  -6.5826645e-04   1.3167243e-06  -1.3022494e-06  -2.2723443e-08  -4.0691043e-07   2.4258903e-06   3.9614420e-06   3.1130522e-03  -1.8320428e-03  -1.0822362e-03   2.3379896e-03   9.4760518e-04   1.2262430e-06   1.8520785e-07  -4.3353420e-08   9.5662729e-07   9.4913809e-07  -8.5256946e-07  -2.2126643e-03  -5.6400539e-04   1.8400694e-03  -9.0160208e-04   4.8577610e-04
  -7.1388614e-05  -6.9767022e-04  -5.5018076e-05   1.5540767e-04   5.4940324e-05   1.9014749e-04   3.5228678e-05  -3.1321654e-05  -1.1205607e-05  -7.9208424e-05   4.7621514e-05   5.4470037e-04   5.2286398e-03   4.1211937e-04  -1.1207818e-03  -4.1553551e-04  -1.4520352e-03   7.8772360e-07   4.3675838e-05  -2.6536738e-06  -2.9455614e-05  -2.3442162e-05  -1.6702430e-04  -1.6260447e-03  -1.2881720e-04   3.6324517e-04   1.2808587e-04   4.4369175e-04   6.9712052e-06   2.3061720e-05   2.9409509e-05   3.9294444e-05   4.7515688e-05  -3.0772319e-04  -3.0236998e-03  -2.3670114e-04   6.7296114e-04   2.3908033e-04   8.2262775e-04   6.5350764e-05  -5.1295624e-05  -2.6183868e-05   5.0518063e-05   8.3722349e-07  -3.3338518e-04  -3.2789018e-03  -2.5698888e-04   7.2916354e-04   2.5955343e-04   8.9243857e-04  -6.0266869e-05  -5.6420144e-05   2.2789774e-05  -1.1471813e-06   1.9622339e-05  -3.5869061e-04  -3.5227408e-03  -2.7571075e-04   7.8366130e-04   2.7913796e-04   9.5923932e-04  -9.0341263e-06   7.8550518e-06  -5.2442418e-06   1.2213032e-05  -6.0759099e-06  -5.7463636e-07  -5.6294648e-07  -2.9446316e-06  -2.7455584e-06  -2.8208616e-06   1.7075675e-06   1.4728672e-03  -2.3368244e-03   2.2291392e-03   1.7381827e-03  -2.3689122e-04   2.6807655e-06   2.1441193e-06  -5.2775457e-07   3.3805594e-06   1.9097164e-07  -1.7348375e-06   3.9996446e-03   2.2537120e-03   3.4984353e-05  -6.0481199e-04  -1.7265345e-03   3.7466650e-06  -3.8473570e-07  -3.9379855e-06  -6.5729406e-07   4.1535822e-07   1.8097550e-06  -1.0597439e-03  -3.3709747e-04  -2.0245777e-03   8.3757556e-04   1.8213382e-03  -2.6156576e-06   2.7746576e-06  -2.2715181e-06   1.1291514e-06  -2.9706169e-06  -2.7675695e-06  -1.3757103e-03  -4.5848519e-04   1.6505194e-03  -9.6151917e-04   5.4801995e-05  -2.6318340e-06  -1.8996424e-06   8.9158255e-08  -1.5726620e-06  -1.3896282e-06   5.2301238e-07  -1.3530353e-03   3.1749027e-03  -1.3060245e-04  -2.1641172e-03  -3.7240175e-04
   3.5102281e-05  -5.4402950e-05  -7.6939070e-04  -8.0815872e-05  -2.9375472e-05  -1.0318697e-04   4.1398082e-05  -6.9298987e-05  -3.7381150e-05  -1.1368984e-04   2.3181049e-05  -3.2189776e-04   4.1211937e-04   5.7890892e-03   6.1851693e-04   2.2096951e-04   7.5658260e-04   6.7296769e-05   1.4132403e-05  -1.8518235e-05   2.3014616e-05  -9.0062846e-06   8.0793765e-05  -1.2589460e-04  -1.7938838e-03  -1.8680135e-04  -6.7778367e-05  -2.3892872e-04  -5.4114876e-05  -3.3692944e-05  -2.8093516e-05   6.3043023e-06  -9.9562661e-05   1.5191662e-04  -2.3728415e-04  -3.3312002e-03  -3.5249162e-04  -1.2872383e-04  -4.5173785e-04  -6.0361135e-05   7.2777524e-05   2.9181622e-05  -7.7610268e-05   1.5572087e-06   1.6499063e-04  -2.5739606e-04  -3.6134349e-03  -3.8294176e-04  -1.4039221e-04  -4.8845564e-04  -5.8276374e-05  -7.8623954e-05   3.8978581e-05   2.0714003e-05   5.8704775e-05   1.7723673e-04  -2.7564634e-04  -3.8830656e-03  -4.1121471e-04  -1.5078063e-04  -5.2511074e-04  -7.6810195e-06   1.3324576e-05  -3.7102920e-06   2.1344301e-05   1.5713248e-06   6.2888117e-07  -7.0558171e-07   1.3672854e-06   6.1563371e-07   1.0427240e-06   7.1929201e-07   2.4579988e-03   9.9950569e-04  -2.7564572e-03   1.3254331e-03   2.9011425e-04  -1.5809577e-06  -1.6935168e-06   1.1228475e-06  -1.1592797e-06  -4.9618249e-07  -2.4218097e-07  -2.2531889e-03   2.9383953e-03   1.1335743e-04  -2.6319939e-03  -8.5284073e-04  -1.4668737e-06  -1.4447103e-06   1.2913416e-06  -1.8281569e-06   3.0419968e-07  -1.6288701e-07  -3.4133542e-03  -1.8587341e-03  -1.1952339e-03   1.3921197e-03   2.0340883e-03   1.2434241e-07  -5.6534096e-07   2.1483692e-06   3.0012339e-07   2.0433552e-06   1.0444753e-06   1.4146804e-03   1.4399619e-03  -2.6503196e-03  -2.5881109e-04  -6.3881888e-04   1.0447947e-06   5.5979793e-07  -8.2884565e-07   1.5495597e-06   1.1142491e-06   3.8203662e-08  -1.0863334e-04   8.5701671e-04  -2.3374293e-03  -3.4713934e-05   1.0996463e-03
  -1.0766879e-04   1.5591276e-04  -8.2115419e-05  -5.7028469e-04   8.2564158e-05   2.8560371e-04   4.1817470e-05  -4.0090246e-05  -1.4357765e-05  -9.4674139e-05   5.0159084e-05   8.0696363e-04  -1.1207818e-03   6.1851693e-04   4.2868124e-03  -6.2024113e-04  -2.1634292e-03   8.2928670e-06   4.9888753e-05  -9.8839369e-06  -2.8289878e-05  -2.4140220e-05  -2.5197515e-04   3.6487653e-04  -1.9200561e-04  -1.3282766e-03   1.9220016e-04   6.6697923e-04   1.6177367e-07   1.8887440e-05   2.5776609e-05   4.1148112e-05   3.6753342e-05  -4.6374628e-04   6.7266137e-04  -3.5161327e-04  -2.4726311e-03   3.5893797e-04   1.2340353e-03   6.0919781e-05  -4.3900438e-05  -2.5510945e-05   4.3808340e-05   1.9129650e-06  -5.0205322e-04   7.2894229e-04  -3.8235241e-04  -2.6820060e-03   3.8889950e-04   1.3392601e-03  -7.2512263e-05  -6.8930535e-05   2.7466533e-05   2.2258250e-06   2.9334169e-05  -5.4034542e-04   7.8365934e-04  -4.1104313e-04  -2.8814243e-03   4.1803119e-04   1.4395079e-03  -5.7316300e-06   7.9115829e-06   5.1817533e-06   1.3122254e-05  -1.1006132e-05  -1.3847861e-06  -1.1648953e-06  -5.7164980e-06  -3.2187002e-06  -3.0796054e-06   2.3626907e-06  -1.5795361e-03  -1.3666594e-04  -1.3119619e-03   4.3240635e-04   1.7010156e-03   3.7751726e-06   3.4752478e-06  -1.0364501e-06   3.9334719e-06   1.6506135e-06  -3.4344422e-06  -7.4770777e-04   3.4246679e-04  -1.6878879e-03  -3.8895315e-04   4.5408597e-04   6.3635624e-06  -2.6617239e-07  -5.0515961e-06  -1.6397065e-06  -1.0840465e-07   2.7830107e-06   1.4442815e-03  -2.1794514e-03  -1.2645683e-03   2.8151949e-03   1.0971956e-03  -3.4003044e-06   4.6668713e-06  -3.1822058e-06   2.4049614e-06  -5.0270020e-06  -3.6904250e-06   2.8940349e-03   4.1154437e-04   1.0975753e-03  -3.0806967e-04  -1.3893569e-03  -4.1264206e-06  -5.6851270e-07   5.0620879e-08  -3.1151741e-06  -1.4294532e-06   1.5355949e-06  -1.4655539e-03  -3.3651408e-03   1.3718181e-03   1.4242533e-03   9.9587072e-04
  -3.9062982e-05   5.5564074e-05  -3.0049893e-05   8.3078632e-05  -7.7218863e-04   1.0445547e-04  -3.9688414e-06   4.9156716e-06   3.4321739e-06   1.1053608e-05  -6.9916223e-06   2.8982546e-04  -4.1553551e-04   2.2096951e-04  -6.2024113e-04   5.7488871e-03  -7.7202917e-04  -1.8090196e-06  -2.9541506e-06  -4.0657696e-06   2.7909201e-06   4.0154919e-06  -9.1520716e-05   1.2959286e-04  -7.0202103e-05   1.9367257e-04  -1.8008267e-03   2.4390066e-04  -5.3914887e-07  -2.7401972e-06  -3.6953319e-06  -4.3493381e-06  -3.4871561e-06  -1.6827263e-04   2.3892474e-04  -1.2826315e-04   3.5862424e-04  -3.3446050e-03   4.5255407e-04  -5.9995261e-06   4.5405892e-06   5.9629121e-07  -3.5540145e-06   6.9373577e-07  -1.8300524e-04   2.5945608e-04  -1.4004960e-04   3.8865752e-04  -3.6269191e-03   4.9030968e-04   4.0223062e-06   5.4437694e-06  -3.6871720e-06   9.5230727e-07  -9.6132704e-07  -1.9683949e-04   2.7892096e-04  -1.5079374e-04   4.1810870e-04  -3.8973147e-03   5.2661347e-04   5.0038518e-06  -3.1598294e-06   1.0863152e-05  -3.3446955e-06  -3.7992175e-06  -5.5003977e-07   1.0367986e-06  -2.2466527e-06  -7.8032249e-07  -8.1879190e-07   1.2525848e-06   1.4023588e-03  -2.3456150e-03  -1.1298835e-03   2.0310182e-03   7.5395908e-04   2.1122493e-06   1.1973937e-06   3.8811824e-07   6.6866797e-07   1.3086861e-07  -1.4361836e-06   1.1537261e-03  -9.7975684e-04   6.6879575e-05   1.0865091e-03  -7.1531481e-04   2.5878360e-06  -6.5504625e-07  -1.6586940e-06  -1.9503224e-07  -1.6810197e-07   3.2944567e-07   2.2793631e-04   2.7226650e-03  -1.6882238e-03  -1.0613661e-03  -5.4786582e-04  -1.0723192e-06   1.8558261e-06  -1.8495429e-06   1.7234658e-06  -1.5611989e-06  -9.4375647e-07   2.3629083e-03   2.3514219e-03  -3.5403916e-03  -2.3827874e-05   1.4808715e-06  -1.4221056e-06   1.6162509e-08   1.4913763e-07  -2.7818841e-07  -1.3558208e-06   1.2940978e-06   4.5613751e-03   4.5292971e-05   1.6361816e-03   7.5885570e-04  -1.5867628e-03
  -1.3456312e-04   1.8899701e-04  -1.0372628e-04   2.8310388e-04   1.0297778e-04  -4.4203419e-04  -4.6838615e-05   4.6608586e-05   1.6785451e-05   1.0697470e-04  -5.3826815e-05   1.0015471e-03  -1.4520352e-03   7.5658260e-04  -2.1634292e-03  -7.7202917e-04   3.3157460e-03  -1.0987792e-05  -5.4058328e-05   1.2851569e-05   2.8731462e-05   2.5312967e-05  -3.1275221e-04   4.3869910e-04  -2.4175680e-04   6.5643655e-04   2.3824218e-04  -1.0349002e-03   3.9755728e-06  -1.7287433e-05  -2.5178848e-05  -4.3836194e-05  -3.2504824e-05  -5.8604280e-04   8.2352765e-04  -4.5127267e-04   1.2359998e-03   4.5352974e-04  -1.8997028e-03  -5.9982545e-05   4.2003413e-05   2.5584834e-05  -4.1695642e-05  -2.5948900e-06  -6.3619271e-04   8.9322414e-04  -4.8822659e-04   1.3408940e-03   4.9108896e-04  -2.0616420e-03   8.2713300e-05   7.8936718e-05  -3.1695915e-05  -4.0907955e-06  -3.5800181e-05  -6.8280274e-04   9.5945862e-04  -5.2508504e-04   1.4397120e-03   5.2678812e-04  -2.2162509e-03   5.7679337e-06  -8.0512967e-06  -1.0036165e-05  -1.4398663e-05   1.3313144e-05  -1.1575036e-06   4.0399518e-07  -6.1230358e-06  -2.0900174e-06  -4.4259666e-06   1.1856550e-06   1.8319387e-03   2.7203445e-03  -2.0360458e-04  -1.7553768e-03  -1.8259717e-03   5.4671204e-06   2.4106132e-06  -1.0228450e-06   3.4705261e-06   1.2693545e-06  -4.2062595e-06  -2.0180785e-03   4.0586548e-04  -2.3212075e-04  -2.8428128e-04   7.1908494e-04   7.1280548e-06   5.4616549e-07  -5.4667003e-06  -5.3549404e-07   2.2222536e-07   1.0629184e-06  -9.2854367e-04   1.1111172e-03   1.4100730e-03  -2.1268445e-03  -1.3572978e-03  -2.1649488e-06   4.9605066e-06  -4.8735531e-06   1.5960104e-06  -5.9766869e-06  -5.2193311e-06  -6.8776745e-04  -1.0382814e-03  -1.8964315e-03   1.5663578e-03   1.2487857e-03  -5.1807103e-06  -8.7122141e-07  -4.8675237e-07  -2.3488166e-06  -1.7570757e-06   1.7763717e-06  -2.8585924e-04   1.0133633e-03  -1.4747726e-03  -5.4836213e-04   3.6136201e-04
  -6.6077191e-06  -4.0460796e-07   7.2856202e-06   4.5435198e-07  -3.8205221e-07  -1.3995637e-06   3.1658758e-04   6.1436000e-04  -6.5958688e-04   2.0722252e-04  -2.2411101e-04  -6.8332340e-05   7.8772360e-07   6.7296769e-05   8.2928670e-06  -1.8090196e-06  -1.0987792e-05   4.2107099e-03   6.0452035e-04  -5.4111855e-04   6.7968673e-04  -1.1244228e-03  -1.6446345e-05   4.3270792e-07   1.6532121e-05   1.7567710e-06  -2.0551511e-07  -3.5485787e-06  -1.3296465e-03  -3.6856781e-04   5.7735339e-04  -5.0626034e-04  -8.4245588e-05  -3.0433562e-05  -5.7445822e-07   3.0535954e-05   3.6626987e-06  -7.2656513e-07  -7.0247299e-06  -3.2677157e-03   3.4827276e-03   1.3853755e-03  -3.9145919e-03  -1.1400185e-03  -3.2521038e-05  -9.7859499e-07   3.2135216e-05   1.1656719e-06  -5.8895595e-07  -5.2433422e-06  -4.1235629e-03  -4.8455313e-03   2.5156804e-03   1.9506967e-03   2.1589462e-03  -3.5175388e-05  -1.6965037e-07   3.4311072e-05   3.7396803e-06  -4.2855912e-07  -5.8410024e-06  -9.4181951e-04   3.9739702e-04  -2.6242647e-03   4.2280348e-04   1.2320260e-03  -7.7420713e-04  -6.2931659e-04  -3.7626299e-04   2.6506822e-03  -1.4559040e-03  -1.7573565e-03  -1.0840903e-06  -3.2007650e-07   1.5324159e-07  -1.1714058e-07  -5.3943429e-08   1.0480271e-03  -1.7258284e-03  -1.7815474e-03   6.9724250e-04   2.0521290e-03  -3.4673175e-04   7.7204635e-07   3.7862417e-07  -1.7068189e-07  -2.3456822e-07  -5.9938574e-08   2.6838938e-04   2.5641820e-03   1.4768640e-03   6.6703969e-04   1.2036654e-03  -1.7274324e-03  -1.6476350e-06  -6.2616432e-08   6.5324267e-08  -3.8438178e-07  -1.5609161e-07   1.5827221e-03   1.3602798e-03  -1.8075462e-03  -1.1147300e-03  -1.0021032e-03   5.2805062e-04   8.7382257e-07   5.0743530e-08  -3.9938946e-08  -1.0896004e-07   2.3808739e-08  -2.1670775e-03   6.5376705e-04  -1.6216607e-03  -1.0697371e-03   1.6689910e-03  -1.2511763e-03  -1.8850770e-06  -3.0134400e-07   1.0163144e-07   1.7660455e-07   9.3419479e-11
   3.1833271e-07   5.8217475e-06   1.1455108e-06   6.2262563e-06   1.6497677e-07  -5.6159530e-06   6.1435906e-04   1.1999495e-04  -1.4533618e-04  -6.7739608e-04  -2.8557321e-04   1.0499714e-05   4.3675838e-05   1.4132403e-05   4.9888753e-05  -2.9541506e-06  -5.4058328e-05   6.0452035e-04   3.0599659e-03  -1.0270183e-03  -1.7879607e-03  -9.8507122e-04   2.9136166e-06   1.0922254e-05   3.9173629e-06   1.1280765e-05  -6.1878744e-07  -1.3348554e-05  -3.6856727e-04  -1.2549643e-03  -1.8516716e-04   7.4081340e-04  -1.5176884e-04   4.7552827e-06   1.9787223e-05   5.5429153e-06   2.1722452e-05  -1.3371553e-06  -2.2052581e-05   3.4827267e-03  -1.9759409e-03  -1.2899150e-03   2.8601869e-03   6.4959880e-04   5.2226615e-06   1.9962725e-05   6.3287723e-06   2.1529062e-05  -1.0192926e-06  -2.5584225e-05  -4.8455338e-03  -3.7439283e-03   1.9769635e-03   1.0371983e-03   2.2117017e-03   5.4958652e-06   2.2422385e-05   7.4329631e-06   2.5175904e-05  -1.7716007e-06  -2.7716832e-05   3.9739604e-04  -1.7055895e-04   1.3726359e-03  -1.6698922e-04  -5.8475395e-04   1.3578193e-03   5.6871180e-04  -1.2545382e-03  -6.2843075e-04  -2.8717151e-03   1.1756737e-03  -3.3602522e-07  -1.1348955e-06  -5.7584337e-08   1.7802208e-07  -1.9083905e-07   2.1624129e-03  -7.2790592e-04   9.8220737e-04   2.7294179e-03  -2.1891878e-04  -6.3248381e-04   3.9505687e-07   8.0538420e-07  -1.2974049e-07   6.2047451e-08  -1.3372155e-07   2.1240907e-03  -8.6143022e-04  -2.1733272e-03  -4.3747569e-04   1.9158103e-03   4.2787259e-04  -8.8145349e-08  -1.6253455e-06  -1.0606227e-07   3.3301944e-07  -1.6005213e-07   6.3223690e-06   2.2297356e-03  -1.9419977e-03   9.0643437e-04  -3.7593049e-04  -2.3525367e-03   5.2652487e-09   8.2218236e-07  -1.1765576e-07   5.2530359e-08  -1.7791736e-07  -1.8459904e-03  -2.2201223e-03  -1.7105577e-03   8.1471103e-04  -1.1254113e-03  -3.2221403e-04  -2.6355256e-07  -1.9882497e-06   2.9078046e-08  -9.8943089e-08   3.7639154e-08
   2.2403261e-06   6.3883738e-08  -2.2018785e-06  -8.4617978e-07  -3.6503965e-08   1.3033864e-06  -6.5958720e-04  -1.4533614e-04  -1.0492281e-03   5.5452811e-05   5.1256608e-04   2.2591853e-05  -2.6536738e-06  -1.8518235e-05  -9.8839369e-06  -4.0657696e-06   1.2851569e-05  -5.4111855e-04  -1.0270183e-03   3.1713902e-03  -5.0241678e-04  -7.2176740e-04   5.6069051e-06   1.5174610e-07  -3.9012405e-06  -2.0390410e-06  -8.4896906e-07   2.4900625e-06   5.7735356e-04  -1.8516770e-04  -2.8162097e-06  -1.8442304e-05  -8.3225794e-04   1.0075985e-05  -1.0289790e-06  -8.6516761e-06  -4.3760925e-06  -1.8682560e-06   6.5307297e-06   1.3853756e-03  -1.2899156e-03   7.1644197e-04   1.1024324e-03   3.6001395e-05   1.0714030e-05  -7.7947737e-07  -8.9427966e-06  -3.4588235e-06  -2.1112657e-06   6.2637468e-06   2.5156774e-03   1.9769618e-03   1.9919092e-04  -1.0094578e-03  -1.4694302e-03   1.2132146e-05  -2.0951616e-06  -1.0830057e-05  -5.2409991e-06  -1.0525522e-06   7.1410248e-06  -2.6242636e-03   1.3726312e-03  -6.7269512e-03   9.6506637e-04   3.0214258e-03   9.5040759e-04  -4.9797210e-04   2.9886282e-03   1.4740566e-03   1.0867387e-03  -1.5070563e-05   1.9470011e-07  -6.1041184e-08  -6.9347323e-07   2.5998336e-08  -4.6191847e-07  -2.6148850e-03  -2.1592803e-03   2.8355923e-04  -1.0199802e-03  -1.1068537e-03   1.3870915e-03  -2.3322496e-07  -1.1968384e-07   4.6244486e-07   8.9193902e-08   1.4680629e-07  -3.3482832e-03  -5.6003286e-05   1.7116644e-03  -2.8046415e-04   3.9599138e-04  -6.2643803e-04   1.1450576e-07  -1.0975187e-07  -1.2717257e-06   1.2546189e-07  -3.0991813e-07   7.5342299e-04  -1.8369220e-03   2.3257613e-03  -1.1328400e-03   2.9747312e-03   1.9717477e-03  -4.9427196e-08  -6.3835638e-08   7.5639658e-07  -5.4046507e-09  -7.8904729e-08   1.8779294e-03  -4.5317268e-04  -5.6160761e-04   1.6839820e-03   1.6763009e-03  -1.0433385e-03   1.5183436e-07   4.0675865e-08  -1.7724725e-06  -8.6825539e-08  -1.6940087e-07
