   1.8472712e-01  -3.2783353e-02  -1.6899212e-02   3.5918447e-02  -3.7017737e-02  -1.7081829e-02  -8.5803655e-02  -1.6081272e-01
  -3.2783353e-02   6.6763478e-02   2.6595365e-02  -3.6124198e-03  -1.9616176e-02   3.7017709e-02   3.2387482e-02  -1.8899183e-02
  -1.6899212e-02   2.6595365e-02   5.8809243e-02   7.1780678e-02  -3.7542232e-03   6.2192876e-04   2.7660057e-02   3.3247924e-03
   3.5918447e-02  -3.6124198e-03   7.1780678e-02   1.8970042e-01  -6.2033363e-03  -9.2320363e-04   1.0808055e-03  -2.7660026e-02
  -3.7017737e-02  -1.9616176e-02  -3.7542232e-03  -6.2033363e-03   1.8437323e-01  -3.3415084e-02  -2.0703495e-02   3.5891318e-02
  -1.7081829e-02   3.7017709e-02   6.2192876e-04  -9.2320363e-04  -3.3415084e-02   6.4136472e-02   2.7317999e-02  -4.1631055e-03
  -8.5803655e-02   3.2387482e-02   2.7660057e-02   1.0808055e-03  -2.0703495e-02   2.7317999e-02   6.1536631e-02   7.0423717e-02
  -1.6081272e-01  -1.8899183e-02   3.3247924e-03  -2.7660026e-02   3.5891318e-02  -4.1631055e-03   7.0423717e-02   1.8995340e-01
