   0.0000000e+00   8.0731293e-02   2.0043676e-02   5.1335209e-03   1.7250796e-03   1.9576960e-02  -3.0039859e-03  -9.1805637e-02
  -8.0731293e-02   0.0000000e+00   2.4462380e-02   3.0461688e-02  -1.9610659e-02  -1.7250749e-03   4.6913822e-02   9.1274124e-02
  -2.0043676e-02  -2.4462380e-02   0.0000000e+00   4.5457330e-02   1.8981728e-04  -1.8719580e-03  -1.6569406e-03   3.5543949e-02
  -5.1335209e-03  -3.0461688e-02  -4.5457330e-02   0.0000000e+00   4.4195024e-03  -3.9457059e-03  -3.7144280e-02   1.6569428e-03
  -1.7250796e-03   1.9610659e-02  -1.8981728e-04  -4.4195024e-03   0.0000000e+00   8.2286968e-02   2.2591877e-02   4.2056309e-03
  -1.9576960e-02   1.7250749e-03   1.8719580e-03   3.9457059e-03  -8.2286968e-02   0.0000000e+00   2.3879115e-02   2.5917758e-02
   3.0039859e-03  -4.6913822e-02   1.6569406e-03   3.7144280e-02  -2.2591877e-02  -2.3879115e-02   0.0000000e+00   4.4598000e-02
   9.1805637e-02  -9.1274124e-02  -3.5543949e-02  -1.6569428e-03  -4.2056309e-03  -2.5917758e-02  -4.4598000e-02   0.0000000e+00
