   1.7330721e-02   4.3679589e-02  -1.1132286e-03  -6.2443004e-03  -1.1850015e-02   4.7074360e-03   8.2768265e-03   3.6699202e-02   4.7776532e-02
   4.3679589e-02   2.1661030e-01  -1.0740962e-02  -1.8486210e-02  -5.9021694e-02   2.1608827e-03  -5.5448136e-04  -8.2768267e-03   2.2767512e-01
  -1.1132286e-03  -1.0740962e-02   2.2392077e-01  -8.2203424e-03  -3.6055083e-02  -6.3071761e-02  -3.5817407e-03   1.9436425e-03  -1.5276894e-10
  -6.2443004e-03  -1.8486210e-02  -8.2203424e-03   2.7879748e-03   7.0857538e-03   1.1132286e-03  -1.4291871e-03  -1.0862555e-02  -2.0566862e-02
  -1.1850015e-02  -5.9021694e-02  -3.6055083e-02   7.0857538e-03   2.5199544e-02   1.0740962e-02   4.6213262e-03   1.4291871e-03  -6.4611400e-02
   4.7074360e-03   2.1608827e-03  -6.3071761e-02   1.1132286e-03   1.0740962e-02   2.4891396e-02   1.9436426e-03   3.5817407e-03   4.7530878e-11
   8.2768265e-03  -5.5448136e-04  -3.5817407e-03  -1.4291871e-03   4.6213262e-03   1.9436426e-03   1.7287122e-02   4.9058619e-02  -2.1801737e-11
   3.6699202e-02  -8.2768267e-03   1.9436425e-03  -1.0862555e-02   1.4291871e-03   3.5817407e-03   4.9058619e-02   2.3152504e-01  -1.5776298e-10
   4.7776532e-02   2.2767512e-01  -1.5276894e-10  -2.0566862e-02  -6.4611400e-02   4.7530878e-11  -2.1801737e-11  -1.5776298e-10   2.4044714e-01
