   3.1876607e-02  -1.4004229e-02  -1.0414524e-02  -3.4355269e-04   1.1453421e-04  -8.0539589e-03   3.2335243e-03   2.3888471e-03   4.4924034e-04  -1.5876291e-04   2.6500158e-02  -1.1721852e-02  -8.7175624e-03  -1.1695673e-04   3.3829389e-05  -9.0061081e-04   1.7450724e-04   6.6171787e-04  -3.1527681e-03   3.3805119e-02   3.9486850e-04  -7.3874385e-04   7.4998210e-04  -3.4069169e-02  -1.4887900e-03
  -1.4004229e-02   2.1434760e-02  -1.4988399e-02   3.4465397e-05  -1.0496508e-05   3.2342807e-03  -5.6409412e-03   3.4378703e-03  -1.2659080e-04   4.5115395e-05  -1.1722554e-02   1.7771004e-02  -1.2555321e-02   8.4224645e-05  -2.6548526e-05  -1.3029133e-03   2.4471389e-04   9.4825140e-04  -1.6304832e-02  -1.5479094e-05   4.9948695e-04  -1.1660656e-03   1.0059598e-03   3.1128294e-02   1.7575461e-02
  -1.0414524e-02  -1.4988399e-02   3.0455082e-02   1.5935179e-04  -5.2911747e-05   2.4135647e-03   3.4726465e-03  -7.7345763e-03  -2.8822692e-04   1.0120106e-04  -8.7392203e-03  -1.2585756e-02   2.5286409e-02   1.2418632e-04  -3.9436350e-05  -1.0166246e-03   1.1551932e-04   6.5836714e-04   2.4922254e-02  -3.1549591e-02   3.9063427e-04  -8.3834462e-04   7.7042195e-04  -1.0033590e-02  -2.2218820e-02
  -3.4355269e-04   3.4465397e-05   1.5935179e-04   3.0310492e-02  -6.9793528e-04  -5.9339787e-05   8.7676258e-05   1.0702567e-04  -3.6991622e-02   2.3115219e-02   3.3278991e-04  -1.0502412e-04  -2.2363182e-04   1.6540589e-02   6.2198922e-03  -8.8433642e-03   1.6206990e-03   6.3696106e-03   1.5547610e-06  -2.4967388e-07   3.6261385e-03  -7.5685884e-03   7.0542212e-03  -4.7336947e-07  -5.1015650e-08
   1.1453421e-04  -1.0496508e-05  -5.2911747e-05  -6.9793528e-04   2.8517822e-02   1.9906981e-05  -2.9831071e-05  -3.6287807e-05   2.3115207e-02   2.2406506e-02  -1.0803707e-04   3.4104710e-05   7.3916905e-05   6.2199035e-03   3.2524261e-02  -2.6567903e-02   4.4646590e-03   1.8691888e-02  -4.0062553e-08   2.0122790e-06   1.0562688e-02  -2.2852401e-02   2.0750541e-02  -7.6522800e-08  -4.3964523e-07
  -8.0539589e-03   3.2342807e-03   2.4135647e-03  -5.9339787e-05   1.9906981e-05   5.3496314e-02  -2.3356709e-02  -1.7395160e-02   1.6496554e-04  -5.7562077e-05   8.5132147e-03  -3.9915098e-03  -2.9674607e-03  -9.7172443e-05   3.0626018e-05   1.3522990e-03  -2.1976977e-04  -9.4717803e-04   3.0237761e-02   2.4730319e-02  -5.2318248e-04   1.1714333e-03  -1.0423069e-03   3.9812692e-02  -2.7814510e-02
   3.2335243e-03  -5.6409412e-03   3.4726465e-03   8.7676258e-05  -2.9831071e-05  -2.3356709e-02   3.6092209e-02  -2.5038463e-02  -1.5494582e-05   5.8476543e-06  -3.9908356e-03   5.5402010e-03  -4.2774965e-03  -5.7511202e-05   2.0873339e-05   1.9442867e-03  -3.1876372e-04  -1.3651519e-03   1.9650146e-02  -1.2768367e-02  -7.7673660e-04   1.6517316e-03  -1.5255778e-03  -2.3715300e-02   3.8465698e-02
   2.3888471e-03   3.4378703e-03  -7.7345763e-03   1.0702567e-04  -3.6287807e-05  -1.7395160e-02  -2.5038463e-02   5.1072854e-02  -7.5640798e-05   2.6492463e-05  -2.9472596e-03  -4.2491415e-03   8.1270481e-03  -2.0124147e-05   8.4311986e-06   1.4315632e-03  -2.5995867e-04  -1.0324504e-03  -5.4587666e-02  -5.9320468e-03  -5.7199705e-04   1.2394767e-03  -1.1284151e-03  -5.2934352e-03  -2.5719006e-02
   4.4924034e-04  -1.2659080e-04  -2.8822692e-04  -3.6991622e-02   2.3115207e-02   1.6496554e-04  -1.5494582e-05  -7.5640798e-05   6.2556916e-02  -1.0299438e-02  -5.0985461e-04   1.1672775e-04   3.0074433e-04  -1.5048796e-02   1.7932793e-02  -9.7575592e-03   1.4777391e-03   6.6863699e-03   7.6705513e-07   5.7798520e-07   3.7469877e-03  -8.4391753e-03   7.4437036e-03  -4.2986985e-08  -2.5258902e-08
  -1.5876291e-04   4.5115395e-05   1.0120106e-04   2.3115219e-02   2.2406506e-02  -5.7562077e-05   5.8476543e-06   2.6492463e-05  -1.0299438e-02   3.6092074e-02   1.8081176e-04  -4.1721252e-05  -1.0585045e-04   1.7932782e-02   3.1032683e-02  -2.8414345e-02   4.8802764e-03   2.0106652e-02   1.3613967e-07   4.5246967e-07   1.1383137e-02  -2.4411041e-02   2.2308038e-02   1.9771644e-07  -1.2420908e-07
   2.6500158e-02  -1.1722554e-02  -8.7392203e-03   3.3278991e-04  -1.0803707e-04   8.5132147e-03  -3.9908356e-03  -2.9472596e-03  -5.0985461e-04   1.8081176e-04   2.6641257e-02  -1.1843878e-02  -8.8256225e-03   1.7955455e-04  -5.6629636e-05  -4.4882047e-04   5.0361038e-05   2.8975185e-04   6.0560933e-03   3.8028048e-02   1.3576341e-04  -4.2298042e-04   3.0059739e-04  -1.9126589e-02  -9.5938629e-03
  -1.1721852e-02   1.7771004e-02  -1.2585756e-02  -1.0502412e-04   3.4104710e-05  -3.9915098e-03   5.5402010e-03  -4.2491415e-03   1.1672775e-04  -4.1721252e-05  -1.1843878e-02   1.7814306e-02  -1.2699878e-02  -1.7921099e-05   4.7195976e-06  -6.3950181e-04   7.9400915e-05   4.2171922e-04  -9.0377548e-03  -3.7768838e-03   2.7270185e-04  -4.9447268e-04   5.1522254e-04   2.1235575e-02   2.7349259e-02
  -8.7175624e-03  -1.2555321e-02   2.5286409e-02  -2.2363182e-04   7.3916905e-05  -2.9674607e-03  -4.2774965e-03   8.1270481e-03   3.0074433e-04  -1.0585045e-04  -8.8256225e-03  -1.2699878e-02   2.5402990e-02  -8.2989864e-05   2.6238828e-05  -4.2438557e-04   1.3297811e-04   3.6684570e-04   6.4055273e-03  -3.0381664e-02   1.8175734e-04  -4.0152479e-04   3.5929225e-04  -1.0672392e-02  -2.7790787e-02
  -1.1695673e-04   8.4224645e-05   1.2418632e-04   1.6540589e-02   6.2199035e-03  -9.7172443e-05  -5.7511202e-05  -2.0124147e-05  -1.5048796e-02   1.7932782e-02   1.7955455e-04  -1.7921099e-05  -8.2989864e-05   1.0570979e-02   1.0954257e-02  -1.1342301e-02   1.9804586e-03   8.0619990e-03  -2.1950912e-06  -7.4907200e-08   4.5701446e-03  -9.7349779e-03   8.9402575e-03   4.7486926e-07  -4.6939997e-08
   3.3829389e-05  -2.6548526e-05  -3.9436350e-05   6.2198922e-03   3.2524261e-02   3.0626018e-05   2.0873339e-05   8.4311986e-06   1.7932793e-02   3.1032683e-02  -5.6629636e-05   4.7195976e-06   2.6238828e-05   1.0954257e-02   3.8720353e-02  -3.2390547e-02   5.4741419e-03   2.2822627e-02   1.6515691e-09  -1.9126269e-06   1.2902970e-02  -2.7851788e-02   2.5332215e-02  -1.4729456e-08   5.0233823e-07
  -9.0061081e-04  -1.3029133e-03  -1.0166246e-03  -8.8433642e-03  -2.6567903e-02   1.3522990e-03   1.9442867e-03   1.4315632e-03  -9.7575592e-03  -2.8414345e-02  -4.4882047e-04  -6.3950181e-04  -4.2438557e-04  -1.1342301e-02  -3.2390547e-02   4.0330987e-02   1.3444041e-03  -3.9205611e-02   5.1990574e-07   1.2021126e-07   8.7772825e-04   1.8392276e-02  -2.5524926e-02   1.5708892e-07  -4.3012547e-08
   1.7450724e-04   2.4471389e-04   1.1551932e-04   1.6206990e-03   4.4646590e-03  -2.1976977e-04  -3.1876372e-04  -2.5995867e-04   1.4777391e-03   4.8802764e-03   5.0361038e-05   7.9400915e-05   1.3297811e-04   1.9804586e-03   5.4741419e-03   1.3444041e-03   8.9310456e-03  -1.2915677e-02   8.1523533e-07   6.5023592e-08   1.8392320e-02  -1.7021930e-02   5.7074145e-03   3.6856980e-08   5.6824295e-08
   6.6171787e-04   9.4825140e-04   6.5836714e-04   6.3696106e-03   1.8691888e-02  -9.4717803e-04  -1.3651519e-03  -1.0324504e-03   6.6863699e-03   2.0106652e-02   2.8975185e-04   4.2171922e-04   3.6684570e-04   8.0619990e-03   2.2822627e-02  -3.9205611e-02  -1.2915677e-02   5.4184446e-02   6.7025758e-07  -1.2653977e-09  -2.5524949e-02   5.7074365e-03   1.6152394e-02  -5.9856652e-08  -2.3772882e-08
  -3.1527681e-03  -1.6304832e-02   2.4922254e-02   1.5547610e-06  -4.0062553e-08   3.0237761e-02   1.9650146e-02  -5.4587666e-02   7.6705513e-07   1.3613967e-07   6.0560933e-03  -9.0377548e-03   6.4055273e-03  -2.1950912e-06   1.6515691e-09   5.1990574e-07   8.1523533e-07   6.7025758e-07   7.3012565e-02  -8.0576750e-07   1.3346076e-07   6.8102163e-09   5.2119839e-08   2.2188340e-06  -6.9930482e-07
   3.3805119e-02  -1.5479094e-05  -3.1549591e-02  -2.4967388e-07   2.0122790e-06   2.4730319e-02  -1.2768367e-02  -5.9320468e-03   5.7798520e-07   4.5246967e-07   3.8028048e-02  -3.7768838e-03  -3.0381664e-02  -7.4907200e-08  -1.9126269e-06   1.2021126e-07   6.5023592e-08  -1.2653977e-09  -8.0576750e-07   7.3011902e-02   3.6177604e-08  -4.8102717e-08   2.9506395e-08  -6.7308163e-07   9.1690020e-07
   3.9486850e-04   4.9948695e-04   3.9063427e-04   3.6261385e-03   1.0562688e-02  -5.2318248e-04  -7.7673660e-04  -5.7199705e-04   3.7469877e-03   1.1383137e-02   1.3576341e-04   2.7270185e-04   1.8175734e-04   4.5701446e-03   1.2902970e-02   8.7772825e-04   1.8392320e-02  -2.5524949e-02   1.3346076e-07   3.6177604e-08   3.8537670e-02  -3.6370367e-02   1.3129383e-02   6.7462759e-07   1.4756185e-08
  -7.3874385e-04  -1.1660656e-03  -8.3834462e-04  -7.5685884e-03  -2.2852401e-02   1.1714333e-03   1.6517316e-03   1.2394767e-03  -8.4391753e-03  -2.4411041e-02  -4.2298042e-04  -4.9447268e-04  -4.0152479e-04  -9.7349779e-03  -2.7851788e-02   1.8392276e-02  -1.7021930e-02   5.7074365e-03   6.8102163e-09  -4.8102717e-08  -3.6370367e-02   4.3837752e-02  -2.4621325e-02   8.6577581e-07   8.5146754e-09
   7.4998210e-04   1.0059598e-03   7.7042195e-04   7.0542212e-03   2.0750541e-02  -1.0423069e-03  -1.5255778e-03  -1.1284151e-03   7.4437036e-03   2.2308038e-02   3.0059739e-04   5.1522254e-04   3.5929225e-04   8.9402575e-03   2.5332215e-02  -2.5524926e-02   5.7074145e-03   1.6152394e-02   5.2119839e-08   2.9506395e-08   1.3129383e-02  -2.4621325e-02   2.1071310e-02   6.1222594e-07  -3.1576605e-08
  -3.4069169e-02   3.1128294e-02  -1.0033590e-02  -4.7336947e-07  -7.6522800e-08   3.9812692e-02  -2.3715300e-02  -5.2934352e-03  -4.2986985e-08   1.9771644e-07  -1.9126589e-02   2.1235575e-02  -1.0672392e-02   4.7486926e-07  -1.4729456e-08   1.5708892e-07   3.6856980e-08  -5.9856652e-08   2.2188340e-06  -6.7308163e-07   6.7462759e-07   8.6577581e-07   6.1222594e-07   7.3012288e-02   8.7497186e-07
  -1.4887900e-03   1.7575461e-02  -2.2218820e-02  -5.1015650e-08  -4.3964523e-07  -2.7814510e-02   3.8465698e-02  -2.5719006e-02  -2.5258902e-08  -1.2420908e-07  -9.5938629e-03   2.7349259e-02  -2.7790787e-02  -4.6939997e-08   5.0233823e-07  -4.3012547e-08   5.6824295e-08  -2.3772882e-08  -6.9930482e-07   9.1690020e-07   1.4756185e-08   8.5146754e-09  -3.1576605e-08   8.7497186e-07   7.3015004e-02
