   3.2764832e-02  -7.0676285e-04  -2.7083029e-03   2.0028329e-03  -3.1262129e-05  -4.5706395e-05  -1.0971620e-04  -6.8770468e-03   1.4190855e-04   5.5442641e-04  -4.6212093e-04  -2.9360145e-05  -2.8932115e-05   4.1564594e-05   1.8804737e-03  -3.1043893e-05  -1.3015526e-04   1.1010730e-04  -1.1557151e-04   2.8565217e-05  -3.3572389e-05  -3.9019328e-03   8.2994829e-05   3.2111991e-04  -2.6698362e-04   1.0675936e-05   7.9837213e-05  -3.7935029e-05  -1.1740716e-04  -2.6868750e-05  -9.9406185e-06  -3.1654738e-05   8.4157580e-03   1.4246809e-02   2.3476634e-02   1.2417607e-06   2.2308771e-05   4.0604529e-05   6.1968407e-05   1.4651401e-02  -2.5366370e-03  -6.2023574e-03   1.6401114e-05   9.7835013e-06   1.0730005e-05   1.8647481e-05   4.7837524e-04   1.2190268e-03  -8.0861293e-03
  -7.0676285e-04   3.1781576e-02  -5.1793378e-03   3.8893578e-03   1.0055879e-05   1.8571509e-05   4.5196734e-05   1.3934286e-04  -6.6942333e-03   1.1023710e-03  -8.0459365e-04   9.6962401e-06   1.0383691e-05  -2.1255153e-05  -2.9424078e-05   1.8282533e-03  -2.5683026e-04   1.8879027e-04   4.8684833e-05  -1.1008369e-05   1.3714829e-05   8.1434104e-05  -3.7984260e-03   6.3865889e-04  -4.6616946e-04  -5.6460038e-06  -3.6196048e-05   1.3759998e-05  -2.1694010e-04  -4.8297968e-05  -9.8677612e-06  -6.6315553e-05   8.9081039e-05   2.6416243e-04   9.5916267e-03  -8.2561784e-07   4.4595408e-05   7.9250970e-05   1.1812814e-04  -8.7186779e-03   2.8931957e-03  -6.8517961e-03   3.1637908e-05   1.6956663e-05   1.8413685e-05   3.5737283e-05   8.3713073e-03  -2.3073128e-02   1.7081804e-02
  -2.7083029e-03  -5.1793378e-03   1.3198603e-02   1.4964070e-02   3.2200716e-05   4.6214459e-05   1.1155353e-04   5.4541988e-04   1.1035607e-03  -2.7523857e-03  -3.1197115e-03   2.1813873e-05   2.1454637e-05  -5.6930424e-05  -1.2512155e-04  -2.5766616e-04   9.0688385e-04   7.2758304e-04   1.2458746e-04  -2.8734642e-05   4.0194614e-05   3.1670565e-04   6.3948372e-04  -1.5150265e-03  -1.8077512e-03  -1.7161769e-05  -8.7373772e-05   3.3146779e-05  -8.3600831e-04  -1.8558505e-04  -3.4255718e-05  -2.6026908e-04  -5.8054102e-03   2.3585767e-03   2.8174166e-03  -2.0313053e-06   1.7084668e-04   2.9993107e-04   4.5459841e-04  -1.5606126e-02  -5.0485253e-03  -5.4401483e-04   1.1987761e-04   6.4883970e-05   7.5341269e-05   1.4356081e-04  -6.3767634e-03   6.7152982e-03  -7.4869781e-03
   2.0028329e-03   3.8893578e-03   1.4964070e-02   2.1937140e-02   4.5106887e-05   6.3539086e-05   1.5211976e-04  -4.5746751e-04  -8.1061018e-04  -3.1366599e-03  -4.5618508e-03   4.4605102e-05   4.3304876e-05  -5.0483351e-05   1.0754148e-04   1.9191601e-04   7.3718149e-04   1.3366053e-03   1.5741423e-04  -4.0340351e-05   4.4803089e-05  -2.6490611e-04  -4.6868796e-04  -1.8160869e-03  -2.5613132e-03  -1.2039313e-05  -1.0641596e-04   5.5501065e-05   6.3090010e-04   1.4094546e-04   2.4872300e-05   1.9984867e-04  -6.1949948e-03   5.8074567e-03   1.1313467e-02   5.7235417e-07  -1.2607270e-04  -2.2192651e-04  -3.4560664e-04  -2.1196696e-02  -6.1863466e-03  -4.2292434e-03  -9.1337529e-05  -5.0710907e-05  -5.4065912e-05  -1.0831707e-04  -5.5171451e-03   1.1781955e-03  -5.5243562e-03
  -3.1262129e-05   1.0055879e-05   3.2200716e-05   4.5106887e-05   2.0802211e-02  -3.9503083e-04   6.5062287e-03  -1.0566517e-04   4.1264438e-05   1.1714141e-04   1.4527747e-04  -3.9903295e-03  -8.2149603e-03  -3.6733195e-04   2.8687629e-05  -1.1714482e-05  -3.4408415e-05  -3.8408722e-05   6.5429698e-03  -5.0952164e-03   2.0922199e-02  -6.2625364e-05   2.2699542e-05   6.5758286e-05   8.8511700e-05  -6.1820717e-04   1.2234376e-02   7.2362486e-03  -1.1399386e-02  -1.9505854e-03  -7.5178744e-04  -3.5923346e-03  -9.4682354e-08   1.4353262e-06  -2.7779615e-07   1.5061256e-04   1.2825812e-03   4.1321936e-03   6.3808127e-03  -5.3719072e-07   3.6635612e-06  -7.0739113e-08   9.6414985e-04   4.9673263e-03  -4.5576057e-04   1.3534237e-03   3.0896737e-07   1.3846955e-06  -8.0639526e-07
  -4.5706395e-05   1.8571509e-05   4.6214459e-05   6.3539086e-05  -3.9503083e-04   1.4795623e-02  -4.2630927e-04  -1.4827502e-04   6.2627356e-05   1.5933072e-04   2.0155699e-04   8.1990179e-03  -4.1113633e-03  -7.6185223e-03   4.3164100e-05  -1.7399999e-05  -4.3309476e-05  -5.9915685e-05   2.5259628e-03  -1.2987529e-02  -4.9185870e-03  -8.4569780e-05   3.6689114e-05   8.9952126e-05   1.1459207e-04  -1.3020187e-02  -6.5914530e-03   1.1285153e-02  -1.6052812e-02  -1.6164831e-03  -1.2452075e-03  -5.1923261e-03  -1.6628433e-06  -8.0147598e-08   1.3233089e-06   4.2572504e-04   2.3414314e-04   6.7929738e-03   9.0067820e-03  -4.1165986e-06  -6.3946752e-08   3.3699687e-06   1.4581408e-04   1.4217133e-02  -3.0839290e-03   8.0576119e-04  -2.1524824e-06   6.4281422e-07   6.4211771e-07
  -1.0971620e-04   4.5196734e-05   1.1155353e-04   1.5211976e-04   6.5062287e-03  -4.2630927e-04   2.1786584e-02  -3.7172889e-04   1.5312982e-04   3.9128834e-04   5.1119876e-04   6.2927657e-04   7.6014904e-03  -3.9706343e-03   9.9830206e-05  -4.1667486e-05  -1.0884301e-04  -1.3563966e-04   2.1384932e-02   2.1482139e-03   9.7419351e-03  -2.0860813e-04   8.6244887e-05   2.2172937e-04   2.8604004e-04   5.7028987e-03  -1.2132364e-02   3.6008158e-04   9.1629820e-03   5.9310958e-03  -8.8595144e-04   2.5715529e-03   1.3771310e-07  -1.5073740e-06  -2.0499813e-07   9.1116533e-04  -7.9614035e-03  -1.3915962e-03  -4.3273700e-03   1.1754156e-07  -3.6526934e-06  -9.3296286e-08  -5.6487597e-03   2.5162807e-02  -9.8563377e-03  -5.4217338e-03  -1.9609198e-07  -1.0654462e-06  -4.3953285e-07
  -6.8770468e-03   1.3934286e-04   5.4541988e-04  -4.5746751e-04  -1.0566517e-04  -1.4827502e-04  -3.7172889e-04   1.1405223e-02  -2.7699770e-04  -1.0242706e-03   5.9697208e-04  -9.6123538e-05  -8.6480266e-05   1.4809819e-04   6.3156550e-03  -1.3122221e-04  -5.0900215e-04   4.2179024e-04  -3.9472589e-04   1.0053385e-04  -1.1474302e-04  -1.3278300e-02   2.7158706e-04   1.0600626e-03  -8.8472413e-04   4.0872283e-05   2.8084566e-04  -1.2608449e-04   1.3240569e-05  -1.7230508e-06  -1.9317529e-05   1.9964328e-05  -8.9324088e-03  -1.1532198e-02   3.3700660e-03  -1.9813947e-07  -3.3229514e-06  -4.9997307e-06  -8.7327907e-06  -1.9379607e-03   1.2011166e-02   1.4861754e-03  -1.8595974e-06  -7.1192883e-07   1.6886093e-06  -4.8183938e-06  -1.0762141e-03   4.1279963e-03   2.3183605e-03
   1.4190855e-04  -6.6942333e-03   1.1035607e-03  -8.1061018e-04   4.1264438e-05   6.2627356e-05   1.5312982e-04  -2.7699770e-04   1.0997199e-02  -1.7690291e-03   1.3985235e-03   4.2990979e-05   3.8057241e-05  -6.2954562e-05  -1.2843117e-04   6.1447525e-03  -1.0288486e-03   7.4649838e-04   1.6232511e-04  -4.2513900e-05   4.3562960e-05   2.7252844e-04  -1.2922375e-02   2.1440895e-03  -1.5667090e-03  -1.6831994e-05  -1.1888037e-04   5.1410151e-05   2.9208937e-05   5.6189369e-06  -3.3526816e-06   1.2730600e-05   1.8023159e-04  -5.0109801e-03  -1.8066030e-03   6.0446248e-07  -4.9479451e-06  -6.8360723e-06  -1.9213927e-05   3.4509105e-06  -2.0524782e-03   1.9736997e-03  -4.2585284e-06  -1.3726182e-06  -1.0145208e-06  -6.1963206e-06   1.1744519e-02   2.1635892e-03  -1.4393340e-02
   5.5442641e-04   1.1023710e-03  -2.7523857e-03  -3.1366599e-03   1.1714141e-04   1.5933072e-04   3.9128834e-04  -1.0242706e-03  -1.7690291e-03   4.6007657e-03   5.3227132e-03   1.0729035e-04   9.2414030e-05  -1.5918092e-04  -5.0009806e-04  -1.0302455e-03   2.4671813e-03   2.8928436e-03   4.1511115e-04  -1.0964126e-04   1.2545265e-04   1.0628169e-03   2.1435780e-03  -5.2621802e-03  -6.0670194e-03  -4.1560643e-05  -2.9101001e-04   1.3466325e-04   1.1573269e-04   2.5560269e-05   3.6078401e-06   3.6743233e-05   2.9192108e-05  -5.3237441e-03   3.5855769e-05   1.3444271e-06  -2.1552696e-05  -3.4863193e-05  -6.8496349e-05   6.1637162e-03  -6.9186610e-03  -4.0673871e-03  -1.6268132e-05  -8.5336861e-06  -8.8058126e-06  -2.1332541e-05  -2.6623254e-03  -1.4952928e-03   4.2962255e-03
  -4.6212093e-04  -8.0459365e-04  -3.1197115e-03  -4.5618508e-03   1.4527747e-04   2.0155699e-04   5.1119876e-04   5.9697208e-04   1.3985235e-03   5.3227132e-03   7.6952712e-03   1.2783411e-04   1.1684941e-04  -2.0129214e-04   4.1736368e-04   7.5206840e-04   2.9096399e-03   4.1793978e-03   5.4302513e-04  -1.3617851e-04   1.5924056e-04  -8.8602494e-04  -1.5651295e-03  -6.0618199e-03  -8.7994867e-03  -5.6247896e-05  -3.8523466e-04   1.7315184e-04  -8.8258120e-05  -2.1097751e-05  -1.0312480e-05  -2.2697960e-05  -1.5218360e-03  -1.0915561e-02   1.7466700e-05   1.5170663e-06   2.0670756e-05   4.1153606e-05   3.9436337e-05   7.8385122e-03  -7.7673182e-03  -4.5057662e-03   1.3255414e-05   7.8980679e-06   1.0837294e-05   1.2265276e-05   3.2025695e-04  -4.9880188e-04   1.1527018e-03
  -2.9360145e-05   9.6962401e-06   2.1813873e-05   4.4605102e-05  -3.9903295e-03   8.1990179e-03   6.2927657e-04  -9.6123538e-05   4.2990979e-05   1.0729035e-04   1.2783411e-04   5.4672001e-03   2.7512990e-04  -4.5297851e-03   2.5602720e-05  -1.3409383e-05  -3.7330614e-05  -3.0314875e-05   2.1995414e-03  -5.8481750e-03  -6.1843653e-03  -5.9016793e-05   2.2513426e-05   5.1380208e-05   8.5360463e-05  -6.4428090e-03  -7.5128788e-03   4.7140677e-03  -5.4355582e-03   1.3712694e-04  -6.3014822e-04  -1.8514420e-03  -2.8406426e-07   1.8025402e-06  -5.4921058e-08   3.4521136e-04  -9.8744894e-04   2.6775845e-03   3.0733611e-03  -2.0976337e-07   4.5374042e-06   2.4789108e-07  -7.0383450e-04   9.3792628e-03  -2.6312454e-03  -4.2187790e-04  -4.8426343e-07   1.5546471e-06  -5.1628129e-07
  -2.8932115e-05   1.0383691e-05   2.1454637e-05   4.3304876e-05  -8.2149603e-03  -4.1113633e-03   7.6014904e-03  -8.6480266e-05   3.8057241e-05   9.2414030e-05   1.1684941e-04   2.7512990e-04   9.6495862e-03   2.9652634e-04   2.6862062e-05  -8.1926105e-06  -1.8491427e-05  -4.1696756e-05   6.5536229e-03   7.5618688e-03  -5.3695860e-03  -4.9448432e-05   2.2181533e-05   5.1963339e-05   6.6865655e-05   6.8871427e-03  -1.1198985e-02  -7.0134742e-03   1.5532766e-02   4.5719620e-03   3.1613561e-04   4.7727775e-03  -1.3475981e-06  -3.3966186e-08   1.5716579e-06   2.5932260e-04  -4.8484737e-03  -4.9142144e-03  -8.2868204e-03  -3.8386098e-06  -3.3636054e-07   4.5381545e-06  -3.4660076e-03   6.1102042e-03  -3.9193208e-03  -3.7504295e-03  -7.8345554e-07   4.6638319e-07   1.0528241e-06
   4.1564594e-05  -2.1255153e-05  -5.6930424e-05  -5.0483351e-05  -3.6733195e-04  -7.6185223e-03  -3.9706343e-03   1.4809819e-04  -6.2954562e-05  -1.5918092e-04  -2.0129214e-04  -4.5297851e-03   2.9652634e-04   4.7823601e-03  -4.2439896e-05   1.3911231e-05   3.2418687e-05   6.3953996e-05  -5.4313584e-03   6.1300942e-03   1.3213445e-03   8.6961399e-05  -3.4585219e-05  -8.7191657e-05  -1.2157157e-04   5.5883842e-03   6.3390690e-03  -5.6640123e-03   6.0993861e-03  -4.4054058e-04   7.8725213e-04   2.0215999e-03  -2.4703408e-07  -1.2155800e-06  -4.2089139e-08  -3.4994232e-04   1.5263610e-03  -3.1415609e-03  -3.6563897e-03  -1.6634745e-07  -3.9821311e-06  -1.4815892e-07   1.1162723e-03  -1.2337548e-02   3.5851687e-03   7.1741544e-04   7.0953162e-08  -6.3572348e-07   7.8207062e-07
   1.8804737e-03  -2.9424078e-05  -1.2512155e-04   1.0754148e-04   2.8687629e-05   4.3164100e-05   9.9830206e-05   6.3156550e-03  -1.2843117e-04  -5.0009806e-04   4.1736368e-04   2.5602720e-05   2.6862062e-05  -4.2439896e-05   3.3080497e-02  -7.1306360e-04  -2.7348483e-03   2.0259840e-03   1.0771357e-04  -2.7011683e-05   3.1406481e-05   3.5960942e-03  -7.0832959e-05  -2.7789298e-04   2.3236956e-04  -1.1375087e-05  -7.3876454e-05   3.3486703e-05  -1.2241088e-04  -2.5019350e-05   8.8946624e-07  -4.2447288e-05   1.7905571e-02  -1.7979546e-02   1.4467932e-02   1.1494802e-06   2.3692209e-05   4.2674639e-05   6.5827140e-05  -4.9310031e-03   7.0324932e-03   1.2967521e-02   1.7164858e-05   9.6107995e-06   9.4597484e-06   2.0768606e-05  -8.0699138e-03   1.4677275e-03  -5.8849928e-04
  -3.1043893e-05   1.8282533e-03  -2.5766616e-04   1.9191601e-04  -1.1714482e-05  -1.7399999e-05  -4.1667486e-05  -1.3122221e-04   6.1447525e-03  -1.0302455e-03   7.5206840e-04  -1.3409383e-05  -8.1926105e-06   1.3911231e-05  -7.1306360e-04   3.2090066e-02  -5.2222513e-03   3.9234672e-03  -4.3056244e-05   1.0728516e-05  -1.1758850e-05  -7.2326798e-05   3.4986563e-03  -5.7200041e-04   4.1896495e-04   3.6136764e-06   3.1966871e-05  -1.6580189e-05  -2.2931932e-04  -5.0339334e-05  -7.8117371e-06  -7.2244532e-05   9.0371063e-03  -3.1170125e-03   1.6427603e-03  -1.3759893e-06   4.6523692e-05   8.1544730e-05   1.2656959e-04  -7.5316889e-03  -2.2141803e-03  -9.1355677e-03   3.3463548e-05   1.7111364e-05   1.8781760e-05   3.8521931e-05   2.3644034e-02   1.6832146e-02   6.8505950e-03
  -1.3015526e-04  -2.5683026e-04   9.0688385e-04   7.3718149e-04  -3.4408415e-05  -4.3309476e-05  -1.0884301e-04  -5.0900215e-04  -1.0288486e-03   2.4671813e-03   2.9096399e-03  -3.7330614e-05  -1.8491427e-05   3.2418687e-05  -2.7348483e-03  -5.2222513e-03   1.3352640e-02   1.5096706e-02  -1.1099078e-04   2.6898450e-05  -3.0266504e-05  -2.8359479e-04  -5.7137424e-04   1.4559003e-03   1.6185793e-03   7.2471728e-06   8.2665583e-05  -4.2743373e-05  -8.8387622e-04  -1.9623149e-04  -3.5468502e-05  -2.7551113e-04   1.8638438e-03  -4.0878248e-03  -4.8471481e-03  -2.9725441e-06   1.7957067e-04   3.1364689e-04   4.8401790e-04   8.9799114e-04   1.5029283e-03  -1.6312201e-02   1.2655382e-04   6.8678842e-05   7.8599268e-05   1.5254874e-04  -9.3192098e-03  -4.9231856e-03  -6.2618857e-03
   1.1010730e-04   1.8879027e-04   7.2758304e-04   1.3366053e-03  -3.8408722e-05  -5.9915685e-05  -1.3563966e-04   4.2179024e-04   7.4649838e-04   2.8928436e-03   4.1793978e-03  -3.0314875e-05  -4.1696756e-05   6.3953996e-05   2.0259840e-03   3.9234672e-03   1.5096706e-02   2.2148663e-02  -1.4948510e-04   3.8043741e-05  -4.5237581e-05   2.3544043e-04   4.1494067e-04   1.6078576e-03   2.4071737e-03   1.8257721e-05   9.8862549e-05  -4.1628780e-05   6.6798470e-04   1.4992588e-04   3.0125662e-05   2.0844346e-04   8.8512590e-03  -9.7754902e-03  -3.2800063e-03  -3.1871980e-07  -1.3515162e-04  -2.4064412e-04  -3.6105635e-04  -2.2938976e-03   2.5051793e-03  -2.2567851e-02  -9.6851589e-05  -5.3995328e-05  -5.9261889e-05  -1.1323656e-04  -5.6870061e-03  -4.6660937e-04  -6.0801397e-03
  -1.1557151e-04   4.8684833e-05   1.2458746e-04   1.5741423e-04   6.5429698e-03   2.5259628e-03   2.1384932e-02  -3.9472589e-04   1.6232511e-04   4.1511115e-04   5.4302513e-04   2.1995414e-03   6.5536229e-03  -5.4313584e-03   1.0771357e-04  -4.3056244e-05  -1.1099078e-04  -1.4948510e-04   2.1584079e-02  -5.3586967e-04   8.8254518e-03  -2.2494103e-04   9.4533021e-05   2.4003751e-04   3.0716058e-04   2.9944726e-03  -1.3093926e-02   2.6797271e-03   5.6563798e-03   5.4831759e-03  -1.1200296e-03   1.4631553e-03  -8.4087298e-08   6.6559864e-07   1.0920118e-07   9.5504624e-04  -7.7491437e-03   5.5497071e-05  -2.3395010e-03  -1.1117127e-07   1.5961737e-06   3.6115532e-07  -5.5122959e-03   2.7607286e-02  -1.0296927e-02  -5.1412158e-03  -1.1228542e-06   1.2028368e-06  -9.8439490e-08
   2.8565217e-05  -1.1008369e-05  -2.8734642e-05  -4.0340351e-05  -5.0952164e-03  -1.2987529e-02   2.1482139e-03   1.0053385e-04  -4.2513900e-05  -1.0964126e-04  -1.3617851e-04  -5.8481750e-03   7.5618688e-03   6.1300942e-03  -2.7011683e-05   1.0728516e-05   2.6898450e-05   3.8043741e-05  -5.3586967e-04   1.3436237e-02  -5.7817925e-04   5.6874155e-05  -2.3028668e-05  -6.2147608e-05  -7.7400610e-05   1.2673467e-02  -2.0182448e-04  -1.2173252e-02   1.9369166e-02   3.0857843e-03   1.1790949e-03   6.1648835e-03  -2.9658965e-07   1.2524112e-08   7.1814711e-07  -2.6094376e-04  -2.0140324e-03  -7.5407071e-03  -1.0721635e-02  -1.0807764e-06  -1.8924719e-07   1.5733844e-06  -1.4276106e-03  -9.6734723e-03   1.1272463e-03  -2.0932104e-03  -3.3709651e-08   1.1503111e-07   1.4930178e-06
  -3.3572389e-05   1.3714829e-05   4.0194614e-05   4.4803089e-05   2.0922199e-02  -4.9185870e-03   9.7419351e-03  -1.1474302e-04   4.3562960e-05   1.2545265e-04   1.5924056e-04  -6.1843653e-03  -5.3695860e-03   1.3213445e-03   3.1406481e-05  -1.1758850e-05  -3.0266504e-05  -4.5237581e-05   8.8254518e-03  -5.7817925e-04   2.2919194e-02  -6.4893232e-05   2.4435315e-05   6.9026716e-05   9.0662941e-05   4.2442039e-03   1.1719802e-02   3.5180544e-03  -4.5585599e-03  -4.3086371e-04  -4.7037367e-04  -1.4271390e-03  -3.0221524e-07  -5.3780712e-07  -9.2259953e-08   1.2971875e-04  -9.3722506e-05   1.6784195e-03   2.7086604e-03  -1.9872691e-07  -1.0876916e-06  -3.6482673e-07  -2.0168424e-05   4.3839506e-03  -1.0470228e-03   1.9899536e-04  -4.5849045e-07  -4.8930807e-07   5.0658903e-07
  -3.9019328e-03   8.1434104e-05   3.1670565e-04  -2.6490611e-04  -6.2625364e-05  -8.4569780e-05  -2.0860813e-04  -1.3278300e-02   2.7252844e-04   1.0628169e-03  -8.8602494e-04  -5.9016793e-05  -4.9448432e-05   8.6961399e-05   3.5960942e-03  -7.2326798e-05  -2.8359479e-04   2.3544043e-04  -2.2494103e-04   5.6874155e-05  -6.4893232e-05   2.7222733e-02  -6.0065553e-04  -2.2866250e-03   1.6490809e-03   2.0388080e-05   1.5910312e-04  -6.9264168e-05  -2.8210878e-05  -8.7575282e-06  -1.2129083e-05   3.9000440e-07   1.9880582e-02   4.3592211e-03  -1.1199878e-02   3.4443295e-07   5.0801087e-06   9.5462743e-06   1.4133032e-05  -6.5175829e-03  -1.6474654e-02   6.7722778e-03   3.9308700e-06   2.5121320e-06   3.9954776e-06   3.1508916e-06  -2.1929635e-03  -7.1962017e-03  -1.7127562e-04
   8.2994829e-05  -3.7984260e-03   6.3948372e-04  -4.6868796e-04   2.2699542e-05   3.6689114e-05   8.6244887e-05   2.7158706e-04  -1.2922375e-02   2.1435780e-03  -1.5651295e-03   2.2513426e-05   2.2181533e-05  -3.4585219e-05  -7.0832959e-05   3.4986563e-03  -5.7137424e-04   4.1494067e-04   9.4533021e-05  -2.3028668e-05   2.4435315e-05  -6.0065553e-04   2.6389513e-02  -4.3246455e-03   3.2638362e-03  -1.0660906e-05  -6.7072033e-05   2.9051433e-05  -5.0004337e-05  -1.1576809e-05  -4.5440950e-06  -1.3457794e-05   3.9402650e-03   7.1968055e-03  -1.0022806e-03  -1.2543354e-07   1.0609673e-05   2.0202721e-05   2.5598517e-05   9.3456111e-04   1.0591171e-03  -4.2611756e-03   7.4290805e-06   4.0183870e-06   4.7725387e-06   7.5031213e-06  -1.3747259e-02   1.6149111e-02   1.9742231e-02
   3.2111991e-04   6.3865889e-04  -1.5150265e-03  -1.8160869e-03   6.5758286e-05   8.9952126e-05   2.2172937e-04   1.0600626e-03   2.1440895e-03  -5.2621802e-03  -6.0618199e-03   5.1380208e-05   5.1963339e-05  -8.7191657e-05  -2.7789298e-04  -5.7200041e-04   1.4559003e-03   1.6078576e-03   2.4003751e-04  -6.2147608e-05   6.9026716e-05  -2.2866250e-03  -4.3246455e-03   1.0862015e-02   1.2545863e-02  -2.8391350e-05  -1.6530662e-04   7.7560968e-05  -1.9148037e-04  -4.2705877e-05  -8.3560047e-06  -5.9304015e-05   3.8550371e-03   6.2000672e-03  -3.8136554e-03   1.7991131e-08   4.0304020e-05   7.1969612e-05   1.0158478e-04  -2.2993370e-03   1.5500269e-02  -2.8244525e-04   2.7649338e-05   1.4909144e-05   1.8146775e-05   3.2167316e-05   3.5588139e-03  -3.1891019e-03  -6.6547933e-03
  -2.6698362e-04  -4.6616946e-04  -1.8077512e-03  -2.5613132e-03   8.8511700e-05   1.1459207e-04   2.8604004e-04  -8.8472413e-04  -1.5667090e-03  -6.0670194e-03  -8.7994867e-03   8.5360463e-05   6.6865655e-05  -1.2157157e-04   2.3236956e-04   4.1896495e-04   1.6185793e-03   2.4071737e-03   3.0716058e-04  -7.7400610e-05   9.0662941e-05   1.6490809e-03   3.2638362e-03   1.2545863e-02   1.8181951e-02  -2.4221768e-05  -2.1796575e-04   9.3319804e-05   1.4411527e-04   3.1404428e-05   2.4034062e-06   4.8123346e-05   1.0086732e-02   1.1548482e-02  -7.4605001e-03   8.8450828e-07  -2.7293414e-05  -4.5740967e-05  -8.3108370e-05  -3.9363600e-03   1.8063892e-02  -6.5079750e-04  -2.0597352e-05  -1.1137258e-05  -1.0858659e-05  -2.6250516e-05  -4.1780017e-04   4.5917138e-05  -2.0662076e-03
   1.0675936e-05  -5.6460038e-06  -1.7161769e-05  -1.2039313e-05  -6.1820717e-04  -1.3020187e-02   5.7028987e-03   4.0872283e-05  -1.6831994e-05  -4.1560643e-05  -5.6247896e-05  -6.4428090e-03   6.8871427e-03   5.5883842e-03  -1.1375087e-05   3.6136764e-06   7.2471728e-06   1.8257721e-05   2.9944726e-03   1.2673467e-02   4.2442039e-03   2.0388080e-05  -1.0660906e-05  -2.8391350e-05  -2.4221768e-05   1.3117577e-02   6.5347272e-04  -1.0759350e-02   1.8228419e-02   3.3701281e-03   9.3393490e-04   5.7563297e-03   1.9803084e-07   8.8964729e-07   2.6238644e-07  -1.1109974e-04  -2.6575943e-03  -6.9233815e-03  -1.0022874e-02  -1.0328157e-07   3.0345678e-06   4.3803561e-07  -1.8662310e-03  -5.9474947e-03  -5.2291412e-05  -2.4423626e-03   6.2001008e-07   1.4425187e-07   6.3820512e-07
   7.9837213e-05  -3.6196048e-05  -8.7373772e-05  -1.0641596e-04   1.2234376e-02  -6.5914530e-03  -1.2132364e-02   2.8084566e-04  -1.1888037e-04  -2.9101001e-04  -3.8523466e-04  -7.5128788e-03  -1.1198985e-02   6.3390690e-03  -7.3876454e-05   3.1966871e-05   8.2665583e-05   9.8862549e-05  -1.3093926e-02  -2.0182448e-04   1.1719802e-02   1.5910312e-04  -6.7072033e-05  -1.6530662e-04  -2.1796575e-04   6.5347272e-04   2.3051779e-02   7.0430697e-04  -9.8067712e-03  -5.7387997e-03   6.5148008e-04  -2.7723021e-03  -1.3745970e-06   1.1237192e-07   1.0379770e-06  -8.0850071e-04   7.4542688e-03   1.5476036e-03   4.8284628e-03  -3.8232834e-06  -1.4546817e-08   2.3397803e-06   5.3426602e-03  -2.2714811e-02   9.0305136e-03   5.1881992e-03  -4.5946241e-07   1.3740949e-07   1.3507729e-06
  -3.7935029e-05   1.3759998e-05   3.3146779e-05   5.5501065e-05   7.2362486e-03   1.1285153e-02   3.6008158e-04  -1.2608449e-04   5.1410151e-05   1.3466325e-04   1.7315184e-04   4.7140677e-03  -7.0134742e-03  -5.6640123e-03   3.3486703e-05  -1.6580189e-05  -4.2743373e-05  -4.1628780e-05   2.6797271e-03  -1.2173252e-02   3.5180544e-03  -6.9264168e-05   2.9051433e-05   7.7560968e-05   9.3319804e-05  -1.0759350e-02   7.0430697e-04   1.1490902e-02  -1.7569498e-02  -2.5091540e-03  -1.1838745e-03  -5.6297699e-03  -3.6675512e-07  -1.4840496e-06  -2.1169226e-07   3.3495177e-04   1.3449223e-03   6.9401801e-03   9.7493337e-03  -6.2544189e-07  -2.9373834e-06  -5.0601448e-07   9.6996932e-04   1.0756008e-02  -1.7228332e-03   1.5991665e-03  -1.2325375e-06  -1.2833440e-06  -5.6033374e-07
  -1.1740716e-04  -2.1694010e-04  -8.3600831e-04   6.3090010e-04  -1.1399386e-02  -1.6052812e-02   9.1629820e-03   1.3240569e-05   2.9208937e-05   1.1573269e-04  -8.8258120e-05  -5.4355582e-03   1.5532766e-02   6.0993861e-03  -1.2241088e-04  -2.2931932e-04  -8.8387622e-04   6.6798470e-04   5.6563798e-03   1.9369166e-02  -4.5585599e-03  -2.8210878e-05  -5.0004337e-05  -1.9148037e-04   1.4411527e-04   1.8228419e-02  -9.8067712e-03  -1.7569498e-02   4.0076238e-02   1.0542140e-02   4.8569528e-03   1.7346089e-02  -1.6434066e-06   1.9267873e-07  -1.9654924e-06  -7.8704438e-03  -5.2282324e-03  -7.0015090e-03  -1.2564941e-02  -2.2128690e-06   5.8250397e-08  -2.4163539e-06  -7.4012840e-03  -3.9556432e-03  -1.8935470e-03  -5.2284440e-03  -2.0566612e-07  -1.8143520e-07  -1.3330043e-07
  -2.6868750e-05  -4.8297968e-05  -1.8558505e-04   1.4094546e-04  -1.9505854e-03  -1.6164831e-03   5.9310958e-03  -1.7230508e-06   5.6189369e-06   2.5560269e-05  -2.1097751e-05   1.3712694e-04   4.5719620e-03  -4.4054058e-04  -2.5019350e-05  -5.0339334e-05  -1.9623149e-04   1.4992588e-04   5.4831759e-03   3.0857843e-03  -4.3086371e-04  -8.7575282e-06  -1.1576809e-05  -4.2705877e-05   3.1404428e-05   3.3701281e-03  -5.7387997e-03  -2.5091540e-03   1.0542140e-02   4.6462304e-03   2.2959107e-03   6.5453487e-03   4.8419373e-07  -2.3545827e-07   5.2733496e-07  -5.2282320e-03  -1.9612768e-03   1.8822674e-03   8.9240137e-04  -1.5085148e-06   4.5988263e-08  -1.3821322e-06  -3.9556529e-03   6.4055011e-03  -2.5079208e-03  -1.8326083e-03  -6.1463573e-07   2.0593832e-07  -6.1505134e-07
  -9.9406185e-06  -9.8677612e-06  -3.4255718e-05   2.4872300e-05  -7.5178744e-04  -1.2452075e-03  -8.8595144e-04  -1.9317529e-05  -3.3526816e-06   3.6078401e-06  -1.0312480e-05  -6.3014822e-04   3.1613561e-04   7.8725213e-04   8.8946624e-07  -7.8117371e-06  -3.5468502e-05   3.0125662e-05  -1.1200296e-03   1.1790949e-03  -4.7037367e-04  -1.2129083e-05  -4.5440950e-06  -8.3560047e-06   2.4034062e-06   9.3393490e-04   6.5148008e-04  -1.1838745e-03   4.8569528e-03   2.2959107e-03   3.1214190e-03   5.7242090e-03   8.8461026e-07   4.1098514e-08   8.7950897e-07  -7.0015081e-03   1.8822669e-03   4.5364732e-03   5.4598058e-03  -5.7813429e-07  -1.6943563e-08  -7.0771806e-07  -1.8935842e-03  -2.5079307e-03   1.5041362e-03   8.1572279e-04  -2.3711707e-07  -4.9624498e-08  -3.1039912e-07
  -3.1654738e-05  -6.6315553e-05  -2.6026908e-04   1.9984867e-04  -3.5923346e-03  -5.1923261e-03   2.5715529e-03   1.9964328e-05   1.2730600e-05   3.6743233e-05  -2.2697960e-05  -1.8514420e-03   4.7727775e-03   2.0215999e-03  -4.2447288e-05  -7.2244532e-05  -2.7551113e-04   2.0844346e-04   1.4631553e-03   6.1648835e-03  -1.4271390e-03   3.9000440e-07  -1.3457794e-05  -5.9304015e-05   4.8123346e-05   5.7563297e-03  -2.7723021e-03  -5.6297699e-03   1.7346089e-02   6.5453487e-03   5.7242090e-03   1.3114380e-02   5.0460691e-08   1.9321351e-07   7.5789345e-08  -1.2564942e-02   8.9239492e-04   5.4597911e-03   5.3056290e-03  -1.5536005e-06  -5.7976930e-08  -1.7054152e-06  -5.2284067e-03  -1.8325927e-03   8.1576003e-04  -5.0668149e-04  -4.2922111e-07  -5.4449430e-08  -4.6712852e-07
   8.4157580e-03   8.9081039e-05  -5.8054102e-03  -6.1949948e-03  -9.4682354e-08  -1.6628433e-06   1.3771310e-07  -8.9324088e-03   1.8023159e-04   2.9192108e-05  -1.5218360e-03  -2.8406426e-07  -1.3475981e-06  -2.4703408e-07   1.7905571e-02   9.0371063e-03   1.8638438e-03   8.8512590e-03  -8.4087298e-08  -2.9658965e-07  -3.0221524e-07   1.9880582e-02   3.9402650e-03   3.8550371e-03   1.0086732e-02   1.9803084e-07  -1.3745970e-06  -3.6675512e-07  -1.6434066e-06   4.8419373e-07   8.8461026e-07   5.0460691e-08   3.5156013e-02   1.8754907e-07   3.2729391e-06   7.2957363e-07  -3.8653246e-07   1.6261368e-08   1.8432037e-07   7.3033644e-06  -5.9459419e-08   1.5334689e-06  -1.9612485e-08  -5.4341479e-07  -4.6378971e-07  -7.2563540e-07   5.9344602e-06  -5.0612262e-07   1.4457859e-06
   1.4246809e-02   2.6416243e-04   2.3585767e-03   5.8074567e-03   1.4353262e-06  -8.0147598e-08  -1.5073740e-06  -1.1532198e-02  -5.0109801e-03  -5.3237441e-03  -1.0915561e-02   1.8025402e-06  -3.3966186e-08  -1.2155800e-06  -1.7979546e-02  -3.1170125e-03  -4.0878248e-03  -9.7754902e-03   6.6559864e-07   1.2524112e-08  -5.3780712e-07   4.3592211e-03   7.1968055e-03   6.2000672e-03   1.1548482e-02   8.8964729e-07   1.1237192e-07  -1.4840496e-06   1.9267873e-07  -2.3545827e-07   4.1098514e-08   1.9321351e-07   1.8754907e-07   3.5153031e-02  -2.2727930e-07   5.9329267e-08   2.0612536e-08  -4.2033460e-08  -9.7396168e-08  -5.0488002e-07   5.8737846e-06  -5.5645662e-08  -2.4580193e-08   7.4110440e-08   8.4656388e-08   1.1226648e-07   1.7325582e-07   4.6511446e-06  -4.6541209e-07
   2.3476634e-02   9.5916267e-03   2.8174166e-03   1.1313467e-02  -2.7779615e-07   1.3233089e-06  -2.0499813e-07   3.3700660e-03  -1.8066030e-03   3.5855769e-05   1.7466700e-05  -5.4921058e-08   1.5716579e-06  -4.2089139e-08   1.4467932e-02   1.6427603e-03  -4.8471481e-03  -3.2800063e-03   1.0920118e-07   7.1814711e-07  -9.2259953e-08  -1.1199878e-02  -1.0022806e-03  -3.8136554e-03  -7.4605001e-03   2.6238644e-07   1.0379770e-06  -2.1169226e-07  -1.9654924e-06   5.2733496e-07   8.7950897e-07   7.5789345e-08   3.2729391e-06  -2.2727930e-07   3.5156317e-02   8.4291503e-07  -4.8651061e-07   9.0291217e-09   1.7039518e-07   1.4954626e-06  -5.7811743e-07   7.5069537e-06  -7.7667625e-08  -6.3792555e-07  -3.1596741e-07  -5.2024472e-07   1.5262077e-06   1.0465584e-07   6.4372167e-06
   1.2417607e-06  -8.2561784e-07  -2.0313053e-06   5.7235417e-07   1.5061256e-04   4.2572504e-04   9.1116533e-04  -1.9813947e-07   6.0446248e-07   1.3444271e-06   1.5170663e-06   3.4521136e-04   2.5932260e-04  -3.4994232e-04   1.1494802e-06  -1.3759893e-06  -2.9725441e-06  -3.1871980e-07   9.5504624e-04  -2.6094376e-04   1.2971875e-04   3.4443295e-07  -1.2543354e-07   1.7991131e-08   8.8450828e-07  -1.1109974e-04  -8.0850071e-04   3.3495177e-04  -7.8704438e-03  -5.2282320e-03  -7.0015081e-03  -1.2564942e-02   7.2957363e-07   5.9329267e-08   8.4291503e-07   1.6607318e-02  -4.3249955e-03  -1.2493958e-02  -1.5167982e-02   1.0455136e-06  -1.9396393e-07   1.2210836e-06   4.6539960e-03   1.7187742e-03  -2.5588958e-03  -1.9784590e-03  -2.3572225e-07  -1.8221040e-07  -3.5350661e-07
   2.2308771e-05   4.4595408e-05   1.7084668e-04  -1.2607270e-04   1.2825812e-03   2.3414314e-04  -7.9614035e-03  -3.3229514e-06  -4.9479451e-06  -2.1552696e-05   2.0670756e-05  -9.8744894e-04  -4.8484737e-03   1.5263610e-03   2.3692209e-05   4.6523692e-05   1.7957067e-04  -1.3515162e-04  -7.7491437e-03  -2.0140324e-03  -9.3722506e-05   5.0801087e-06   1.0609673e-05   4.0304020e-05  -2.7293414e-05  -2.6575943e-03   7.4542688e-03   1.3449223e-03  -5.2282324e-03  -1.9612768e-03   1.8822669e-03   8.9239492e-04  -3.8653246e-07   2.0612536e-08  -4.8651061e-07  -4.3249955e-03   4.9989855e-03   4.6926723e-03   7.1977050e-03  -4.9579450e-07   5.0061042e-08  -5.4517988e-07   1.7187782e-03  -1.0620590e-02   4.9960932e-03   3.2878851e-03   3.2094171e-07  -2.0111930e-07   5.8796810e-08
   4.0604529e-05   7.9250970e-05   2.9993107e-04  -2.2192651e-04   4.1321936e-03   6.7929738e-03  -1.3915962e-03  -4.9997307e-06  -6.8360723e-06  -3.4863193e-05   4.1153606e-05   2.6775845e-03  -4.9142144e-03  -3.1415609e-03   4.2674639e-05   8.1544730e-05   3.1364689e-04  -2.4064412e-04   5.5497071e-05  -7.5407071e-03   1.6784195e-03   9.5462743e-06   2.0202721e-05   7.1969612e-05  -4.5740967e-05  -6.9233815e-03   1.5476036e-03   6.9401801e-03  -7.0015090e-03   1.8822674e-03   4.5364732e-03   5.4597911e-03   1.6261368e-08  -4.2033460e-08   9.0291217e-09  -1.2493958e-02   4.6926723e-03   1.4571677e-02   1.8757371e-02   5.5309343e-07   1.7402461e-07   5.6121733e-07  -2.5588664e-03   4.9960958e-03   1.2623866e-03   2.9395151e-03   7.4122373e-07   3.3988264e-08   9.5781934e-07
   6.1968407e-05   1.1812814e-04   4.5459841e-04  -3.4560664e-04   6.3808127e-03   9.0067820e-03  -4.3273700e-03  -8.7327907e-06  -1.9213927e-05  -6.8496349e-05   3.9436337e-05   3.0733611e-03  -8.2868204e-03  -3.6563897e-03   6.5827140e-05   1.2656959e-04   4.8401790e-04  -3.6105635e-04  -2.3395010e-03  -1.0721635e-02   2.7086604e-03   1.4133032e-05   2.5598517e-05   1.0158478e-04  -8.3108370e-05  -1.0022874e-02   4.8284628e-03   9.7493337e-03  -1.2564941e-02   8.9240137e-04   5.4598058e-03   5.3056290e-03   1.8432037e-07  -9.7396168e-08   1.7039518e-07  -1.5167982e-02   7.1977050e-03   1.8757371e-02   2.4802514e-02   4.0103989e-07   2.2427272e-07   5.7757882e-07  -1.9784794e-03   3.2878901e-03   2.9395365e-03   4.7122325e-03   5.4083748e-07  -3.6944526e-08   6.4144508e-07
   1.4651401e-02  -8.7186779e-03  -1.5606126e-02  -2.1196696e-02  -5.3719072e-07  -4.1165986e-06   1.1754156e-07  -1.9379607e-03   3.4509105e-06   6.1637162e-03   7.8385122e-03  -2.0976337e-07  -3.8386098e-06  -1.6634745e-07  -4.9310031e-03  -7.5316889e-03   8.9799114e-04  -2.2938976e-03  -1.1117127e-07  -1.0807764e-06  -1.9872691e-07  -6.5175829e-03   9.3456111e-04  -2.2993370e-03  -3.9363600e-03  -1.0328157e-07  -3.8232834e-06  -6.2544189e-07  -2.2128690e-06  -1.5085148e-06  -5.7813429e-07  -1.5536005e-06   7.3033644e-06  -5.0488002e-07   1.4954626e-06   1.0455136e-06  -4.9579450e-07   5.5309343e-07   4.0103989e-07   3.5176102e-02  -6.1789167e-07   6.7559324e-06   8.2029435e-07   4.6887686e-07   2.5289052e-07   3.5104850e-07  -1.8093919e-06  -1.4045627e-06   9.4774001e-07
  -2.5366370e-03   2.8931957e-03  -5.0485253e-03  -6.1863466e-03   3.6635612e-06  -6.3946752e-08  -3.6526934e-06   1.2011166e-02  -2.0524782e-03  -6.9186610e-03  -7.7673182e-03   4.5374042e-06  -3.3636054e-07  -3.9821311e-06   7.0324932e-03  -2.2141803e-03   1.5029283e-03   2.5051793e-03   1.5961737e-06  -1.8924719e-07  -1.0876916e-06  -1.6474654e-02   1.0591171e-03   1.5500269e-02   1.8063892e-02   3.0345678e-06  -1.4546817e-08  -2.9373834e-06   5.8250397e-08   4.5988263e-08  -1.6943563e-08  -5.7976930e-08  -5.9459419e-08   5.8737846e-06  -5.7811743e-07  -1.9396393e-07   5.0061042e-08   1.7402461e-07   2.2427272e-07  -6.1789167e-07   3.5170202e-02  -9.5037838e-07  -3.3476896e-08   1.5398063e-07  -1.4615440e-07  -1.4026580e-07   1.1253956e-06  -2.8391608e-06  -1.2561132e-06
  -6.2023574e-03  -6.8517961e-03  -5.4401483e-04  -4.2292434e-03  -7.0739113e-08   3.3699687e-06  -9.3296286e-08   1.4861754e-03   1.9736997e-03  -4.0673871e-03  -4.5057662e-03   2.4789108e-07   4.5381545e-06  -1.4815892e-07   1.2967521e-02  -9.1355677e-03  -1.6312201e-02  -2.2567851e-02   3.6115532e-07   1.5733844e-06  -3.6482673e-07   6.7722778e-03  -4.2611756e-03  -2.8244525e-04  -6.5079750e-04   4.3803561e-07   2.3397803e-06  -5.0601448e-07  -2.4163539e-06  -1.3821322e-06  -7.0771806e-07  -1.7054152e-06   1.5334689e-06  -5.5645662e-08   7.5069537e-06   1.2210836e-06  -5.4517988e-07   5.6121733e-07   5.7757882e-07   6.7559324e-06  -9.5037838e-07   3.5177080e-02   8.1789094e-07   2.1195475e-07   3.9549551e-07   3.7892185e-07   1.0684402e-06   1.0626719e-06  -2.0491626e-06
   1.6401114e-05   3.1637908e-05   1.1987761e-04  -9.1337529e-05   9.6414985e-04   1.4581408e-04  -5.6487597e-03  -1.8595974e-06  -4.2585284e-06  -1.6268132e-05   1.3255414e-05  -7.0383450e-04  -3.4660076e-03   1.1162723e-03   1.7164858e-05   3.3463548e-05   1.2655382e-04  -9.6851589e-05  -5.5122959e-03  -1.4276106e-03  -2.0168424e-05   3.9308700e-06   7.4290805e-06   2.7649338e-05  -2.0597352e-05  -1.8662310e-03   5.3426602e-03   9.6996932e-04  -7.4012840e-03  -3.9556529e-03  -1.8935842e-03  -5.2284067e-03  -1.9612485e-08  -2.4580193e-08  -7.7667625e-08   4.6539960e-03   1.7187782e-03  -2.5588664e-03  -1.9784794e-03   8.2029435e-07  -3.3476896e-08   8.1789094e-07   3.5276494e-03  -7.5303509e-03   2.6296846e-03   1.5324774e-03   1.0799361e-06  -4.3649824e-08   1.2195136e-06
   9.7835013e-06   1.6956663e-05   6.4883970e-05  -5.0710907e-05   4.9673263e-03   1.4217133e-02   2.5162807e-02  -7.1192883e-07  -1.3726182e-06  -8.5336861e-06   7.8980679e-06   9.3792628e-03   6.1102042e-03  -1.2337548e-02   9.6107995e-06   1.7111364e-05   6.8678842e-05  -5.3995328e-05   2.7607286e-02  -9.6734723e-03   4.3839506e-03   2.5121320e-06   4.0183870e-06   1.4909144e-05  -1.1137258e-05  -5.9474947e-03  -2.2714811e-02   1.0756008e-02  -3.9556432e-03   6.4055011e-03  -2.5079307e-03  -1.8325927e-03  -5.4341479e-07   7.4110440e-08  -6.3792555e-07   1.7187742e-03  -1.0620590e-02   4.9960958e-03   3.2878901e-03   4.6887686e-07   1.5398063e-07   2.1195475e-07  -7.5303509e-03   4.8797857e-02  -1.6582688e-02  -6.5607949e-03  -1.0081946e-06   9.8183496e-08  -9.4195150e-07
   1.0730005e-05   1.8413685e-05   7.5341269e-05  -5.4065912e-05  -4.5576057e-04  -3.0839290e-03  -9.8563377e-03   1.6886093e-06  -1.0145208e-06  -8.8058126e-06   1.0837294e-05  -2.6312454e-03  -3.9193208e-03   3.5851687e-03   9.4597484e-06   1.8781760e-05   7.8599268e-05  -5.9261889e-05  -1.0296927e-02   1.1272463e-03  -1.0470228e-03   3.9954776e-06   4.7725387e-06   1.8146775e-05  -1.0858659e-05  -5.2291412e-05   9.0305136e-03  -1.7228332e-03  -1.8935470e-03  -2.5079208e-03   1.5041362e-03   8.1576003e-04  -4.6378971e-07   8.4656388e-08  -3.1596741e-07  -2.5588958e-03   4.9960932e-03   1.2623866e-03   2.9395365e-03   2.5289052e-07  -1.4615440e-07   3.9549551e-07   2.6296846e-03  -1.6582688e-02   6.3531093e-03   3.1928645e-03  -7.5050417e-07  -4.9310336e-08  -1.2403175e-06
   1.8647481e-05   3.5737283e-05   1.4356081e-04  -1.0831707e-04   1.3534237e-03   8.0576119e-04  -5.4217338e-03  -4.8183938e-06  -6.1963206e-06  -2.1332541e-05   1.2265276e-05  -4.2187790e-04  -3.7504295e-03   7.1741544e-04   2.0768606e-05   3.8521931e-05   1.5254874e-04  -1.1323656e-04  -5.1412158e-03  -2.0932104e-03   1.9899536e-04   3.1508916e-06   7.5031213e-06   3.2167316e-05  -2.6250516e-05  -2.4423626e-03   5.1881992e-03   1.5991665e-03  -5.2284440e-03  -1.8326083e-03   8.1572279e-04  -5.0668149e-04  -7.2563540e-07   1.1226648e-07  -5.2024472e-07  -1.9784590e-03   3.2878851e-03   2.9395151e-03   4.7122325e-03   3.5104850e-07  -1.4026580e-07   3.7892185e-07   1.5324774e-03  -6.5607949e-03   3.1928645e-03   2.2649122e-03  -8.4555311e-07   7.6011160e-09  -1.0635612e-06
   4.7837524e-04   8.3713073e-03  -6.3767634e-03  -5.5171451e-03   3.0896737e-07  -2.1524824e-06  -1.9609198e-07  -1.0762141e-03   1.1744519e-02  -2.6623254e-03   3.2025695e-04  -4.8426343e-07  -7.8345554e-07   7.0953162e-08  -8.0699138e-03   2.3644034e-02  -9.3192098e-03  -5.6870061e-03  -1.1228542e-06  -3.3709651e-08  -4.5849045e-07  -2.1929635e-03  -1.3747259e-02   3.5588139e-03  -4.1780017e-04   6.2001008e-07  -4.5946241e-07  -1.2325375e-06  -2.0566612e-07  -6.1463573e-07  -2.3711707e-07  -4.2922111e-07   5.9344602e-06   1.7325582e-07   1.5262077e-06  -2.3572225e-07   3.2094171e-07   7.4122373e-07   5.4083748e-07  -1.8093919e-06   1.1253956e-06   1.0684402e-06   1.0799361e-06  -1.0081946e-06  -7.5050417e-07  -8.4555311e-07   3.5180108e-02  -4.0860845e-07   7.4586939e-06
   1.2190268e-03  -2.3073128e-02   6.7152982e-03   1.1781955e-03   1.3846955e-06   6.4281422e-07  -1.0654462e-06   4.1279963e-03   2.1635892e-03  -1.4952928e-03  -4.9880188e-04   1.5546471e-06   4.6638319e-07  -6.3572348e-07   1.4677275e-03   1.6832146e-02  -4.9231856e-03  -4.6660937e-04   1.2028368e-06   1.1503111e-07  -4.8930807e-07  -7.1962017e-03   1.6149111e-02  -3.1891019e-03   4.5917138e-05   1.4425187e-07   1.3740949e-07  -1.2833440e-06  -1.8143520e-07   2.0593832e-07  -4.9624498e-08  -5.4449430e-08  -5.0612262e-07   4.6511446e-06   1.0465584e-07  -1.8221040e-07  -2.0111930e-07   3.3988264e-08  -3.6944526e-08  -1.4045627e-06  -2.8391608e-06   1.0626719e-06  -4.3649824e-08   9.8183496e-08  -4.9310336e-08   7.6011160e-09  -4.0860845e-07   3.5174068e-02  -7.1541211e-07
  -8.0861293e-03   1.7081804e-02  -7.4869781e-03  -5.5243562e-03  -8.0639526e-07   6.4211771e-07  -4.3953285e-07   2.3183605e-03  -1.4393340e-02   4.2962255e-03   1.1527018e-03  -5.1628129e-07   1.0528241e-06   7.8207062e-07  -5.8849928e-04   6.8505950e-03  -6.2618857e-03  -6.0801397e-03  -9.8439490e-08   1.4930178e-06   5.0658903e-07  -1.7127562e-04   1.9742231e-02  -6.6547933e-03  -2.0662076e-03   6.3820512e-07   1.3507729e-06  -5.6033374e-07  -1.3330043e-07  -6.1505134e-07  -3.1039912e-07  -4.6712852e-07   1.4457859e-06  -4.6541209e-07   6.4372167e-06  -3.5350661e-07   5.8796810e-08   9.5781934e-07   6.4144508e-07   9.4774001e-07  -1.2561132e-06  -2.0491626e-06   1.2195136e-06  -9.4195150e-07  -1.2403175e-06  -1.0635612e-06   7.4586939e-06  -7.1541211e-07   3.5182755e-02
