   2.0833165e-02   1.0292457e-07   9.6161409e-08   9.6234861e-08  -1.0802557e-15  -2.3615621e-15   3.1876119e-15   5.5947124e-15  -2.2952814e-08   1.3993472e-08   1.3073200e-08   1.3083634e-08  -1.2710014e-15   1.1607048e-15  -3.9296511e-16   2.4731649e-15   1.3529975e-07  -8.2492558e-08  -7.7069630e-08  -7.7129872e-08   3.2089942e-15  -5.3483767e-16  -3.8607171e-15  -6.4085341e-15  -3.5205574e-08   2.1464379e-08   2.0053155e-08   2.0068933e-08  -1.4080310e-15   2.4997187e-16   1.5100130e-16   3.1409136e-15   2.0696671e-15  -8.4992492e-16  -1.1225700e-15   1.5621360e-15   4.1531959e-04   6.2731770e-03  -3.8233659e-03   4.2703817e-03   6.2090247e-16  -2.6696628e-15  -1.4915307e-15   1.2395674e-15   3.8111670e-04   5.0003590e-03  -4.7490596e-03   2.2919946e-03   3.1583670e-15  -4.0871555e-16  -6.5095113e-16  -8.5061957e-16  -5.5966625e-03   3.4372803e-03   2.4596085e-03   1.4534694e-02   1.1534793e-15  -6.2336907e-16  -2.8540459e-16   7.6430906e-16  -2.9109048e-03  -1.1155243e-03   3.0386445e-03   5.4120198e-03
   1.0292457e-07   2.0833480e-02  -2.1957343e-07  -1.6931285e-08   1.7527788e-15  -3.8124729e-15   3.2152213e-15  -7.9179255e-16   1.3993474e-08   1.9855455e-08  -2.9856829e-08  -2.3009472e-09  -4.6897591e-16   1.0772370e-15   7.9583943e-17   1.8945432e-15  -8.2492552e-08  -1.1704579e-07   1.7599714e-07   1.3567033e-08   1.9642546e-15  -3.8738028e-15   1.0926175e-15  -6.7847290e-15   2.1464382e-08   3.0455407e-08  -4.5795187e-08  -3.5298116e-09  -1.4487544e-15   2.3222259e-15  -1.1071953e-15   3.2731145e-15  -1.6179961e-15  -5.5622599e-16  -1.9802660e-15  -1.0193657e-16   1.4508418e-03   2.9921671e-03  -3.7851108e-03  -9.1130881e-04  -2.6338490e-16   5.3420668e-16  -7.3306726e-16   8.8403747e-16   2.6136182e-03  -4.8462832e-03   4.6042946e-04  -9.4196013e-03  -2.9472646e-15   1.0710881e-15   1.8287723e-15  -7.5105179e-16   3.1812831e-03   4.7152201e-03  -4.4359167e-03  -3.0837787e-03   9.4791487e-16   2.7003624e-15   2.3707801e-16   2.1454906e-16  -4.8890487e-03  -9.9659653e-03   9.4759983e-03   3.7418307e-03
   9.6161409e-08  -2.1957343e-07   2.0833403e-02  -8.7001686e-08   1.3405219e-15  -2.4904430e-15   1.3146829e-15   1.5721545e-15   1.3073207e-08  -2.9856831e-08   9.4200183e-09  -1.1829087e-08  -7.4776391e-16   1.5399448e-16   5.1903608e-16   2.7072958e-15  -7.7069640e-08   1.7599716e-07  -5.5531787e-08   6.9732007e-08   2.1753425e-15  -9.7065375e-16  -2.4150710e-15  -5.5990503e-15   2.0053133e-08  -4.5795188e-08   1.4449237e-08  -1.8144234e-08   4.9287492e-16  -1.4828640e-15   4.1391428e-16   3.3551621e-15  -1.9150725e-15  -1.7321094e-15   1.1987129e-15  -1.0146822e-15   2.5317912e-03   8.0316385e-03  -7.2057446e-03   5.3686014e-04  -1.2461351e-15   1.1665549e-15  -6.4248784e-16   1.9892689e-15   4.7109723e-03  -2.0768901e-03  -2.8923303e-03  -1.1962196e-02   3.8559475e-16   4.4244703e-16   9.5569616e-16  -4.1548208e-16  -7.4008980e-04  -3.8589175e-03   3.4642442e-03  -6.0038708e-04  -3.7670348e-16   1.1979418e-15   5.2726225e-16  -1.1058720e-16   3.5589703e-03   7.1501396e-03  -5.9434571e-03  -2.4536197e-03
   9.6234861e-08  -1.6931285e-08  -8.7001686e-08   2.0833287e-02  -2.9427594e-15   2.6903006e-15  -5.3721075e-16   1.2050195e-15   1.3083636e-08  -2.3009308e-09  -1.1829070e-08  -6.3272242e-09  -1.3456044e-15  -9.7167420e-16   1.3816645e-15  -1.2813311e-15  -7.7129875e-08   1.3567033e-08   6.9731986e-08   3.7289649e-08   4.6239606e-16   4.5510213e-15  -1.9093999e-15   4.0619761e-15   2.0068942e-08  -3.5298130e-09  -1.8144240e-08  -9.7036825e-09   1.8991875e-16  -2.7788370e-15   1.9559673e-15   5.5017000e-17  -1.4742279e-16   1.5095299e-16  -5.6585092e-16  -1.2592687e-15  -5.2083988e-03   9.0458687e-04   5.0156996e-03   1.2617524e-02  -3.3589680e-15  -1.8608944e-15  -2.8479309e-15   9.8265356e-16   3.1210648e-03   5.8678653e-03  -5.9983536e-03  -1.9207362e-03   3.0902367e-16   1.5916545e-15   2.5293851e-15   1.0018348e-15   3.4689386e-04  -6.1950040e-03   4.2759221e-03  -5.2396918e-03   3.0334126e-16  -2.4603172e-16  -4.8132273e-16   8.5056526e-16  -1.4124310e-04  -5.3789330e-03   3.2632809e-03  -3.7470664e-03
  -1.0802557e-15   1.7527788e-15   1.3405219e-15  -2.9427594e-15   3.8855751e-03   2.2796868e-03  -4.5634943e-03  -6.8347416e-03  -6.0102782e-17   8.2360587e-16  -3.5627338e-16   9.3056150e-16   1.3272267e-03   6.2869427e-04  -5.0514961e-04  -1.6967271e-03   2.9261199e-15   1.4615938e-15   1.6041018e-15  -1.1671977e-15  -3.1396957e-03  -1.2155977e-03   3.8228016e-03   6.0091320e-03  -5.1222811e-16   2.9422013e-16  -1.0858140e-15  -1.3164771e-16   8.8945176e-04   7.5826987e-04  -8.4811919e-04  -2.1517601e-03   7.1715639e-18   3.7674081e-18  -1.2387013e-18   4.5163496e-18   3.0835362e-15   2.5348460e-15  -5.0772350e-15  -4.1568749e-15  -9.4267244e-18   1.1098289e-17   8.9030448e-18   2.7128701e-18   2.4024098e-15  -1.4847917e-15  -2.5293985e-15  -6.1195494e-15  -1.4488260e-17  -2.6236752e-18   1.3653196e-17   9.7214996e-18   5.1103929e-16   1.9650205e-15  -4.9602661e-17   2.2401286e-15  -5.0265094e-18   1.9780388e-17  -1.3821774e-17   6.7335747e-18  -1.2643774e-15   3.2683796e-16  -1.2470108e-16   2.5808046e-15
  -2.3615621e-15  -3.8124729e-15  -2.4904430e-15   2.6903006e-15   2.2796868e-03   1.1251353e-02  -8.4962923e-03   3.3588277e-03   2.3759726e-16   1.7075095e-15   1.0820602e-15  -1.4238195e-16   6.2869427e-04  -3.1890327e-03   2.5494307e-03  -3.6802674e-03   8.6573958e-17  -1.7677771e-15  -5.7299102e-16   1.3133257e-15  -1.2155977e-03   9.2561052e-03  -3.7945499e-03   9.7772202e-03  -4.9220359e-16   7.7550390e-16   3.6912579e-16   1.3627168e-15   7.5826987e-04  -3.1246131e-03   1.9164302e-03  -3.4324858e-03   4.0639074e-18   4.0459503e-18   1.5851835e-18  -6.1059342e-18   6.0996413e-16   1.1955536e-15  -1.5293599e-15   1.0213177e-17  -1.7715656e-17   7.0507416e-18   6.3744954e-18   3.5894054e-18  -2.2900899e-16  -5.2993380e-15   2.8874671e-15  -6.8629742e-15  -1.4036000e-17   7.7127073e-18   1.4893564e-17   1.0712495e-17   6.2646422e-16   4.5600578e-15  -1.1127138e-15   3.2562046e-15  -4.1814166e-18   8.8279634e-18  -3.6262533e-19   6.5858632e-18   1.3361354e-16   7.9166943e-16  -3.4011951e-16   1.2378670e-15
   3.1876119e-15   3.2152213e-15   1.3146829e-15  -5.3721075e-16  -4.5634943e-03  -8.4962923e-03   8.9795908e-03   3.7593617e-03   1.8362684e-16  -3.1919663e-17   3.9853427e-16  -1.6946077e-16  -5.0514961e-04   2.5494307e-03   6.6176199e-04   3.3859611e-03  -1.3622259e-15   1.0367314e-15   3.6436125e-16   8.1610575e-16   3.8228016e-03  -3.7945499e-03  -5.6432177e-05  -1.0989856e-02   2.3207252e-16   1.0492598e-15   2.7365159e-16  -2.8322974e-16  -8.4811919e-04   1.9164302e-03   5.2549037e-04   3.6404969e-03  -8.1300009e-18  -5.8402570e-18  -1.3915767e-18   3.2817644e-18  -2.8349965e-15  -2.0612232e-15   2.2716279e-15   3.6729790e-15   2.2063834e-17  -1.2885132e-17  -1.1131424e-17  -4.4789774e-18  -2.6822535e-15   3.0483470e-15   1.8616847e-16   8.4514246e-15   2.1096059e-17  -6.3068012e-18  -2.1115481e-17  -1.5928191e-17   7.2954166e-16  -1.8987655e-15   1.6541117e-15  -3.9260310e-15   6.9659530e-18  -1.7858109e-17   6.9466864e-18  -9.9258077e-18  -4.0042517e-16  -6.6034412e-16   8.7841615e-16  -2.3538712e-15
   5.5947124e-15  -7.9179255e-16   1.5721545e-15   1.2050195e-15  -6.8347416e-03   3.3588277e-03   3.7593617e-03   1.7550145e-02   1.6829517e-16   1.8076401e-15   7.2430273e-16   5.6974777e-17  -1.6967271e-03  -3.6802674e-03   3.3859611e-03   1.2000440e-03  -4.4626665e-15  -4.2848368e-15  -4.7058632e-15   3.8901280e-15   6.0091320e-03   9.7772202e-03  -1.0989856e-02  -6.0599774e-03   2.3265930e-15   7.8948799e-16   1.1170917e-15   6.3499195e-16  -2.1517601e-03  -3.4324858e-03   3.6404969e-03   1.7096710e-03  -1.3191797e-17  -5.8490734e-18   2.7434384e-18  -1.3419951e-17  -2.8052155e-15   1.6352404e-16   4.1036696e-15   5.9503389e-15   8.3844107e-18  -1.8885545e-17  -1.4589003e-17  -2.2767791e-18  -3.8108453e-15  -4.2092513e-15   6.3087397e-15   4.2104566e-15   2.0683637e-17   1.0607866e-17  -1.8752947e-17  -1.4002569e-17   1.1552122e-15   3.1238423e-15  -1.2415127e-15   1.7451262e-15   7.7884849e-18  -3.5184558e-17   2.8697204e-17  -1.0134125e-17   1.2155698e-15  -1.0010838e-16  -1.7830256e-15  -1.2132258e-15
  -2.2952814e-08   1.3993474e-08   1.3073207e-08   1.3083636e-08  -6.0102782e-17   2.3759726e-16   1.8362684e-16   1.6829517e-16   2.0833519e-02  -1.1280946e-07  -1.0539546e-07  -1.0547676e-07   6.0987047e-16   2.7627036e-16  -4.4670127e-16   5.3818025e-16   1.3369253e-07  -8.1518999e-08  -7.6162601e-08  -7.6220666e-08   8.3579415e-16   1.5371628e-16  -3.3453715e-15  -6.4475238e-16   8.2437190e-08  -5.0268307e-08  -4.6966182e-08  -4.7001498e-08   5.0948929e-15  -7.8578443e-16   5.7394391e-16   1.0641868e-15   6.2415561e-16   5.2193705e-16  -6.4376536e-17  -1.2636190e-15   7.3984921e-03  -4.4425666e-03   2.0152914e-03   1.4985410e-03  -2.1514789e-16   4.7677852e-16   1.5992213e-16  -1.6107657e-15  -9.3478299e-03  -9.1416888e-03  -1.0901427e-02  -1.4006255e-03   2.4822180e-16   2.3319768e-16   1.5168719e-15  -1.9370577e-15  -6.3762576e-03  -2.3313799e-03   1.9988151e-03  -1.1764762e-03   1.3101851e-15   4.2904894e-16   2.7037905e-16   6.7749358e-16  -3.0829475e-03   1.9319759e-04   6.9177407e-04   8.5876033e-05
   1.3993472e-08   1.9855455e-08  -2.9856831e-08  -2.3009308e-09   8.2360587e-16   1.7075095e-15  -3.1919663e-17   1.8076401e-15  -1.1280946e-07   2.0833174e-02   2.4066809e-07   1.8555627e-08   5.2871014e-16  -4.7624554e-16  -1.8428595e-15  -2.2260799e-15  -8.1519004e-08  -1.1566019e-07   1.7390692e-07   1.3410307e-08  -1.2535253e-15   5.2889881e-16  -4.6958748e-15   5.9286478e-16  -5.0268279e-08  -7.1319799e-08   1.0723423e-07   8.2706248e-09   1.5419224e-15  -3.8061764e-15   6.7910148e-16  -1.4385587e-17  -2.6787466e-16   1.2162980e-15   2.5402493e-16  -7.2466659e-16   4.4015595e-04  -7.5119600e-03  -7.4249239e-03   1.6392570e-03  -1.7300948e-16  -1.5378973e-16  -7.4952334e-16   4.9695647e-16  -3.0360047e-04   1.6100945e-03  -3.9331904e-03   6.2445665e-04  -1.6959158e-16  -4.5688786e-16  -1.4130137e-15   4.9884848e-16   7.3278540e-03   4.2565503e-03   8.3016442e-03  -2.1021743e-03   3.8805084e-16   7.6125633e-20   1.4063498e-15   1.8261671e-15   3.8349648e-03  -4.8959913e-03  -6.6916512e-03   8.5105071e-03
   1.3073200e-08  -2.9856829e-08   9.4200183e-09  -1.1829070e-08  -3.5627338e-16   1.0820602e-15   3.9853427e-16   7.2430273e-16  -1.0539546e-07   2.4066809e-07   2.0833258e-02   9.5358096e-08   1.9201782e-16   5.3786781e-16  -1.5432867e-15  -4.4633026e-16  -7.6162590e-08   1.7390692e-07  -5.4876490e-08   6.8907523e-08  -8.3710247e-17   1.0878416e-15  -2.4755721e-15  -5.9576082e-16  -4.6966178e-08   1.0723422e-07  -3.3839361e-08   4.2490962e-08   2.1724583e-15  -3.6971585e-15  -1.1362769e-15   2.4254173e-15   9.5071330e-16   7.7828824e-16   4.4877967e-16  -4.7598206e-16   2.1532717e-03  -6.0148378e-03  -2.4675906e-03  -7.6421168e-04  -4.9369303e-16  -6.1052109e-16  -4.2501050e-16   1.1431241e-15   4.4059136e-04   1.4854538e-03  -3.6442600e-03  -7.2798061e-04  -1.7405152e-15  -4.1407877e-17  -6.2743938e-16   3.2957197e-16   9.1865913e-03   8.6848384e-04   2.6428084e-03   4.3533826e-03   3.4007992e-16   2.5414335e-16  -3.6469884e-16   1.0336631e-15   2.7808774e-03   8.0888729e-03   1.2138774e-02  -6.2232180e-03
   1.3083634e-08  -2.3009472e-09  -1.1829087e-08  -6.3272242e-09   9.3056150e-16  -1.4238195e-16  -1.6946077e-16   5.6974777e-17  -1.0547676e-07   1.8555627e-08   9.5358096e-08   2.0833385e-02  -1.2483968e-16   5.7376531e-16   2.9207999e-15  -3.1655360e-16  -7.6220681e-08   1.3410310e-08   6.8907511e-08   3.6837908e-08   1.2324306e-15  -1.0232334e-15   1.4732194e-15  -2.4579754e-16  -4.7001509e-08   8.2706042e-09   4.2490953e-08   2.2711816e-08  -3.7136953e-15   4.7723755e-15   2.9381561e-15  -2.3934183e-15   1.1477456e-15   2.7207768e-16   7.4493758e-16   1.9446953e-15   6.2838363e-03   3.6069080e-03   1.1699401e-02   1.3950763e-03   4.8909526e-16  -7.5535932e-16  -1.0518817e-16  -1.1523486e-15   8.8940074e-03  -5.0038540e-03  -6.1574299e-04   1.7324105e-03  -8.1883562e-16  -1.3484290e-15  -1.0631384e-15   1.0597911e-15   2.7554005e-03   8.8118202e-03   6.4048424e-03  -2.5311029e-04  -9.2458906e-17  -7.7226681e-16  -5.9292889e-16   3.4309983e-16  -7.9314293e-04   2.2407695e-03  -1.4280146e-03   1.0831476e-03
  -1.2710014e-15  -4.6897591e-16  -7.4776391e-16  -1.3456044e-15   1.3272267e-03   6.2869427e-04  -5.0514961e-04  -1.6967271e-03   6.0987047e-16   5.2871014e-16   1.9201782e-16  -1.2483968e-16   1.1633755e-02   2.2635815e-03   6.5513075e-03   2.2204790e-03   3.2258010e-16  -2.4457615e-16  -3.7408154e-16   8.1854836e-17  -3.6499365e-04   3.1351725e-03   5.2247087e-03  -1.5445451e-04   3.0525967e-15   1.0387219e-15   1.9122285e-15  -3.1096707e-15  -9.9526542e-03   8.5816757e-03   5.3784622e-03  -7.2262345e-03   3.1428558e-18  -1.4114223e-18  -1.3688932e-17   2.1178897e-17   4.0354326e-15  -4.9510197e-15  -4.2239439e-15  -2.4633945e-16   1.0688311e-17   1.1854467e-17   7.7601787e-18   8.3566852e-18  -8.3888846e-15   2.8084432e-15  -1.3466140e-15  -4.2233339e-15  -1.3021697e-17  -2.1768264e-17   9.2620572e-18  -1.9378589e-18   2.8774288e-15  -2.5004995e-15  -2.8596031e-16   1.8365047e-15  -3.3208223e-18   4.1475297e-17  -3.7508134e-17   2.6915094e-18   7.9078405e-16   9.6981576e-18   9.5181067e-16   6.3030604e-16
   1.1607048e-15   1.0772370e-15   1.5399448e-16  -9.7167420e-16   6.2869427e-04  -3.1890327e-03   2.5494307e-03  -3.6802674e-03   2.7627036e-16  -4.7624554e-16   5.3786781e-16   5.7376531e-16   2.2635815e-03   1.0444245e-02   9.8916191e-03  -2.3880167e-03   1.4710500e-15  -2.5128878e-17   8.2133203e-16  -1.7426256e-15   3.1351725e-03  -4.9001473e-04   8.2088247e-03  -2.3306632e-03  -1.0287822e-15  -2.5893102e-15  -2.9901965e-15   2.9385914e-15   8.5816757e-03   2.8593954e-03   3.8598517e-03   2.6849577e-03   1.8085036e-18  -9.1703459e-19  -5.9952468e-18   2.0189392e-17  -2.5978758e-15  -4.5564174e-16  -7.2439391e-16  -1.8924336e-16   2.6934499e-17  -1.4346970e-20  -2.9011068e-18  -5.6849446e-18   2.7235049e-15   7.2026179e-16  -2.7162969e-15   2.7390743e-15   1.2329002e-17  -2.5124467e-17  -1.1331040e-17  -1.1192250e-17   4.7452290e-16  -1.0205370e-15  -5.8445034e-16   2.9116671e-16   4.0694150e-18   1.6392295e-17  -2.6340739e-17  -3.9914333e-18   2.8804874e-16   7.6071496e-16   5.4644562e-16   9.3717188e-16
  -3.9296511e-16   7.9583943e-17   5.1903608e-16   1.3816645e-15  -5.0514961e-04   2.5494307e-03   6.6176199e-04   3.3859611e-03  -4.4670127e-16  -1.8428595e-15  -1.5432867e-15   2.9207999e-15   6.5513075e-03   9.8916191e-03   1.5976595e-02  -2.8906333e-03  -4.4325375e-16  -2.6131983e-15  -2.0764494e-15   3.5452718e-15   5.2247087e-03   8.2088247e-03   5.4138828e-03  -1.0322375e-03   2.3983656e-16   4.9373735e-16  -9.2055490e-16   6.9740376e-16   5.3784622e-03   3.8598517e-03   8.5775962e-03  -4.5107127e-04   1.7654579e-19  -2.2914861e-18  -1.0233407e-17   2.3748468e-17  -1.8269861e-15   1.2382570e-15  -5.8567383e-17   1.7581957e-16   3.0491535e-17   5.1745464e-19  -2.8187446e-18  -2.6170537e-18   1.4156555e-15  -1.9764900e-15   1.0589006e-15   8.5500015e-16   1.0720155e-17  -2.9401730e-17  -1.0447458e-17  -1.4017605e-17   3.4260626e-16   3.6694625e-16  -7.1012825e-16  -1.0810382e-15   4.3427562e-18   2.4208579e-17  -3.3084550e-17  -4.6631057e-18  -9.3360666e-16   8.3287810e-18  -1.7859719e-16  -9.2083641e-16
   2.4731649e-15   1.8945432e-15   2.7072958e-15  -1.2813311e-15  -1.6967271e-03  -3.6802674e-03   3.3859611e-03   1.2000440e-03   5.3818025e-16  -2.2260799e-15  -4.4633026e-16  -3.1655360e-16   2.2204790e-03  -2.3880167e-03  -2.8906333e-03   3.6120692e-03  -1.1890463e-16  -6.2394925e-17  -2.3248881e-16  -1.0385139e-15  -1.5445451e-04  -2.3306632e-03  -1.0322375e-03  -4.5588744e-03   1.3806006e-15   4.6668280e-16   1.4422431e-15  -1.3189194e-15  -7.2262345e-03   2.6849577e-03  -4.5107127e-04  -1.4843374e-03  -3.3175326e-18  -2.8071829e-18  -2.3966461e-18  -2.0249822e-20   1.9476995e-15  -3.1886935e-16   4.7559110e-16   1.8932091e-15   2.1830912e-18  -1.9231554e-18  -1.1886337e-18   2.9761662e-18  -4.6849720e-15   2.5972629e-15  -5.1393658e-16  -5.9813942e-16   1.6854222e-19   7.7233498e-19  -2.0283240e-18  -3.0031858e-18  -1.5429961e-16  -1.9295135e-15  -1.0324650e-15   4.1939912e-16   2.4455449e-19  -2.0374251e-18   2.4081023e-18  -1.9875034e-18   1.3843736e-16   6.6005000e-16   5.3333981e-16  -7.9566525e-16
   1.3529975e-07  -8.2492552e-08  -7.7069640e-08  -7.7129875e-08   2.9261199e-15   8.6573958e-17  -1.3622259e-15  -4.4626665e-15   1.3369253e-07  -8.1519004e-08  -7.6162590e-08  -7.6220681e-08   3.2258010e-16   1.4710500e-15  -4.4325375e-16  -1.1890463e-16   2.0833265e-02   4.1777892e-08   3.9033127e-08   3.9062663e-08  -6.5876906e-16  -2.0613560e-15   1.4819388e-15   4.5470936e-15   9.4025938e-08  -5.7331256e-08  -5.3563762e-08  -5.3604830e-08   5.9901931e-17   2.6460247e-15  -2.0510510e-16  -2.1721727e-15  -1.1206166e-15  -2.9761975e-15  -2.1782938e-15   6.6903400e-15  -1.0538100e-03   7.2644622e-03  -2.7378407e-03   3.3424055e-03  -4.8454643e-16   1.8872861e-15   3.2438195e-15   4.8331069e-16  -3.1044462e-03  -1.8058431e-04  -8.9171774e-03   5.8343216e-03  -3.3173246e-15  -4.1916327e-15  -3.4104650e-15   5.1668386e-16   5.4250477e-03   7.5964421e-03  -1.0132532e-02  -3.7309767e-03  -1.6778667e-15   1.4998321e-15  -1.6642595e-15  -1.1678345e-15   2.7920504e-03   1.1936485e-03  -3.2574882e-03  -3.8330143e-03
  -8.2492558e-08  -1.1704579e-07   1.7599716e-07   1.3567033e-08   1.4615938e-15  -1.7677771e-15   1.0367314e-15  -4.2848368e-15  -8.1518999e-08  -1.1566019e-07   1.7390692e-07   1.3410310e-08  -2.4457615e-16  -2.5128878e-17  -2.6131983e-15  -6.2394925e-17   4.1777892e-08   2.0833393e-02  -8.9124248e-08  -6.8731386e-09   1.1885096e-15  -5.1860163e-15   2.2216870e-15  -1.3253075e-15  -5.7331271e-08  -8.1342999e-08   1.2230863e-07   9.4307479e-09  -5.1943608e-16   3.0331907e-15  -2.5694689e-15   1.2337888e-15   3.8653784e-15  -8.5536439e-16   9.2936670e-16   2.5014091e-15  -4.0333883e-03  -4.0968343e-04  -3.6802330e-03   4.1445767e-03   1.8437014e-16   5.7593842e-16   3.0795371e-15  -2.3750241e-15  -2.9722552e-03  -7.9237292e-03   5.5394526e-03   3.3161859e-04  -1.7529841e-16  -2.4558131e-15  -3.7139642e-17   2.2778700e-15  -4.2333140e-04   5.0476151e-03   5.5294713e-03   5.2433465e-03  -1.4480677e-15   1.1385521e-15  -2.0346017e-15   4.9219312e-16   5.7801985e-04  -6.1147486e-03  -2.7844536e-03  -1.2460117e-02
  -7.7069630e-08   1.7599714e-07  -5.5531787e-08   6.9731986e-08   1.6041018e-15  -5.7299102e-16   3.6436125e-16  -4.7058632e-15  -7.6162601e-08   1.7390692e-07  -5.4876490e-08   6.8907511e-08  -3.7408154e-16   8.2133203e-16  -2.0764494e-15  -2.3248881e-16   3.9033127e-08  -8.9124248e-08   2.0833362e-02  -3.5314397e-08   6.3822183e-16  -3.4590980e-15   1.1666064e-15   2.5727950e-15  -5.3563759e-08   1.2230863e-07  -3.8593920e-08   4.8462021e-08  -2.4176605e-16   2.4857564e-15  -1.6553589e-15  -1.4992563e-16   3.5472654e-15  -8.6811565e-16   1.4482123e-16   5.1031039e-15  -3.3994132e-03   4.9478893e-03  -3.3733830e-03   8.1199467e-03   3.1950427e-15   2.4850060e-15   9.4243871e-16  -3.1429099e-15  -4.5324869e-03  -6.9916555e-03   6.7263432e-03   4.5297743e-03  -9.1888696e-16  -2.4793772e-16  -1.4344486e-15   1.7560986e-15   1.6082361e-04  -6.8127313e-04   3.5289460e-03  -4.9281136e-03   1.6086380e-16  -3.3476981e-15   2.2769385e-17   2.9237831e-16   1.4299100e-03   7.2430185e-03   5.8993931e-03   7.6779127e-03
  -7.7129872e-08   1.3567033e-08   6.9732007e-08   3.7289649e-08  -1.1671977e-15   1.3133257e-15   8.1610575e-16   3.8901280e-15  -7.6220666e-08   1.3410307e-08   6.8907523e-08   3.6837908e-08   8.1854836e-17  -1.7426256e-15   3.5452718e-15  -1.0385139e-15   3.9062663e-08  -6.8731386e-09  -3.5314397e-08   2.0833315e-02  -1.2039586e-15   4.3111535e-15  -1.0538957e-15   1.4014857e-16  -5.3604837e-08   9.4307407e-09   4.8462000e-08   2.5909528e-08   2.0729010e-15  -1.6156900e-15   2.2080361e-15  -1.8290241e-15  -7.5329745e-15  -7.0284215e-15  -7.3510932e-15   1.7485432e-15   6.8783825e-03   9.6335074e-03  -2.3482986e-03  -7.4389443e-03   3.6113041e-15  -1.9021765e-15  -5.5893084e-16   3.5483391e-15  -4.1089818e-03   4.0476810e-03   3.3746863e-04   6.3098622e-03  -1.9169185e-15   7.0174487e-17   1.3651216e-16  -3.5070341e-15   2.0573746e-03  -3.8923782e-03   8.3766447e-03  -4.4489731e-03  -9.4549584e-16   2.9451892e-15   3.2910256e-16  -2.9399085e-15  -5.4360529e-05  -5.4009686e-03   3.0814686e-03  -3.4421698e-03
   3.2089942e-15   1.9642546e-15   2.1753425e-15   4.6239606e-16  -3.1396957e-03  -1.2155977e-03   3.8228016e-03   6.0091320e-03   8.3579415e-16  -1.2535253e-15  -8.3710247e-17   1.2324306e-15  -3.6499365e-04   3.1351725e-03   5.2247087e-03  -1.5445451e-04  -6.5876906e-16   1.1885096e-15   6.3822183e-16  -1.2039586e-15   4.2286116e-03   2.9763627e-03  -1.1893624e-03  -4.8890548e-03   5.0595763e-16   4.0066429e-16   2.3915468e-16  -1.0139895e-15   3.0841721e-03  -3.1655776e-04   2.8549787e-03   2.6511924e-03  -5.4950650e-18  -3.4834561e-18  -9.0808011e-19   2.8202172e-18  -4.1697770e-15   5.8702334e-16   7.3506897e-16   4.8338308e-15   1.6939730e-17  -9.5256711e-18  -8.5273165e-18  -4.2374318e-18   1.5039173e-15  -4.7588170e-15   1.7155805e-15   4.0036571e-15   1.6458385e-17  -6.0104865e-18  -1.5415926e-17  -1.1997060e-17  -1.4287736e-15   1.8989899e-15  -8.6568341e-16  -3.7529139e-16   5.6915835e-18  -1.1593961e-17   3.1819743e-18  -7.1079809e-18  -2.0548154e-16   7.7247265e-16   2.5603386e-16  -1.8747293e-15
  -5.3483767e-16  -3.8738028e-15  -9.7065375e-16   4.5510213e-15  -1.2155977e-03   9.2561052e-03  -3.7945499e-03   9.7772202e-03   1.5371628e-16   5.2889881e-16   1.0878416e-15  -1.0232334e-15   3.1351725e-03  -4.9001473e-04   8.2088247e-03  -2.3306632e-03  -2.0613560e-15  -5.1860163e-15  -3.4590980e-15   4.3111535e-15   2.9763627e-03   1.2421371e-02  -4.5716439e-03   3.5016233e-03  -1.3154686e-16  -1.3109299e-15  -7.9050343e-16   9.6539914e-16  -3.1655776e-04  -1.0948615e-03   5.7402057e-03  -2.6392739e-03  -2.0464885e-18  -5.3058545e-19  -2.5030839e-18   2.6314280e-19   8.8914876e-16   1.2610571e-16   7.2126079e-16   3.6664649e-15   1.8286790e-18  -1.1518260e-18  -1.3510217e-18   1.7368370e-18  -3.1065945e-15  -2.9307348e-15   4.6263908e-15  -3.0820598e-15   3.7517674e-19  -1.9089085e-18   4.5246595e-19  -2.7254200e-18   1.8378999e-15   6.6374767e-16  -2.5588596e-15   2.0720078e-15   1.1200749e-18   3.9304421e-18  -3.0396831e-18  -6.9748088e-19   1.5261661e-15   1.6295066e-16  -4.6501678e-16  -5.7306679e-16
  -3.8607171e-15   1.0926175e-15  -2.4150710e-15  -1.9093999e-15   3.8228016e-03  -3.7945499e-03  -5.6432177e-05  -1.0989856e-02  -3.3453715e-15  -4.6958748e-15  -2.4755721e-15   1.4732194e-15   5.2247087e-03   8.2088247e-03   5.4138828e-03  -1.0322375e-03   1.4819388e-15   2.2216870e-15   1.1666064e-15  -1.0538957e-15  -1.1893624e-03  -4.5716439e-03   1.1328499e-02   1.0101614e-03  -4.7715801e-16  -2.3197608e-15  -2.3277045e-15   1.2944371e-15   2.8549787e-03   5.7402057e-03   1.7417617e-03  -1.1686926e-03   7.5520853e-18   1.4026256e-18  -8.6647272e-18   2.3519998e-17   6.6841156e-16   2.7588561e-16   3.6962416e-17  -5.1525206e-15   1.4818359e-17   1.1625668e-17   7.0130389e-18   3.7311317e-19   2.1830243e-15   4.7415577e-15  -9.0418411e-16  -7.4837778e-16  -5.8805419e-18  -2.5062385e-17   4.2669297e-18  -8.7727327e-19   3.2949659e-16  -3.9138235e-15  -9.0783989e-16  -5.3167418e-16  -2.1314617e-18   3.6352728e-17  -3.8033686e-17   2.8081557e-18  -7.5393723e-16  -1.3034714e-15   1.0875429e-15  -1.1335073e-16
  -6.4085341e-15  -6.7847290e-15  -5.5990503e-15   4.0619761e-15   6.0091320e-03   9.7772202e-03  -1.0989856e-02  -6.0599774e-03  -6.4475238e-16   5.9286478e-16  -5.9576082e-16  -2.4579754e-16  -1.5445451e-04  -2.3306632e-03  -1.0322375e-03  -4.5588744e-03   4.5470936e-15  -1.3253075e-15   2.5727950e-15   1.4014857e-16  -4.8890548e-03   3.5016233e-03   1.0101614e-03   1.3688183e-02  -2.1642590e-15  -1.2107243e-15   9.6735792e-16  -2.6444130e-16   2.6511924e-03  -2.6392739e-03  -1.1686926e-03  -3.7310724e-03   1.0741617e-17   7.6521191e-18   2.2957568e-18  -3.3814802e-18   1.5648217e-15   1.8645009e-15  -1.6994614e-15  -2.5266143e-15  -2.6331885e-17   1.5993914e-17   1.3648299e-17   4.3577947e-18   3.0842608e-15  -1.6151069e-15  -1.0420428e-15  -4.9856855e-15  -2.4989618e-17   6.8493190e-18   2.5376954e-17   1.9711407e-17  -1.2545535e-15   2.2436643e-15  -1.4693804e-15   9.9965822e-17  -8.4027623e-18   2.1934641e-17  -9.3164595e-18   1.2306176e-17   1.7052216e-15   8.7539692e-16  -1.9759429e-16   2.0817326e-15
  -3.5205574e-08   2.1464382e-08   2.0053133e-08   2.0068942e-08  -5.1222811e-16  -4.9220359e-16   2.3207252e-16   2.3265930e-15   8.2437190e-08  -5.0268279e-08  -4.6966178e-08  -4.7001509e-08   3.0525967e-15  -1.0287822e-15   2.3983656e-16   1.3806006e-15   9.4025938e-08  -5.7331271e-08  -5.3563759e-08  -5.3604837e-08   5.0595763e-16  -1.3154686e-16  -4.7715801e-16  -2.1642590e-15   2.0833386e-02  -3.1886945e-08  -2.9789294e-08  -2.9813424e-08  -3.6802615e-15   4.3663764e-15   4.4925111e-16  -2.1672187e-15   1.7016770e-15   4.4457312e-15   4.6546564e-15  -5.8595183e-15  -1.0847949e-02   3.3538758e-03   3.5127678e-03  -7.2739021e-03  -1.2873245e-15   5.7659348e-16  -9.5830486e-16  -3.5210865e-15   1.9219691e-03  -8.5897112e-03  -6.2854877e-03   1.9522818e-03  -4.3977554e-16   1.8755649e-15   2.0294188e-15   3.5872317e-15   4.9786046e-03  -6.7434041e-03   1.4107430e-03   4.8673051e-03   2.9518669e-17  -1.4527556e-16   1.0386880e-15   3.3565104e-15   2.7386539e-03  -2.3225806e-03   2.6921076e-04   3.1859916e-03
   2.1464379e-08   3.0455407e-08  -4.5795188e-08  -3.5298130e-09   2.9422013e-16   7.7550390e-16   1.0492598e-15   7.8948799e-16  -5.0268307e-08  -7.1319799e-08   1.0723422e-07   8.2706042e-09   1.0387219e-15  -2.5893102e-15   4.9373735e-16   4.6668280e-16  -5.7331256e-08  -8.1342999e-08   1.2230863e-07   9.4307407e-09   4.0066429e-16  -1.3109299e-15  -2.3197608e-15  -1.2107243e-15  -3.1886945e-08   2.0833289e-02   6.8038193e-08   5.2422833e-09  -1.7847727e-15   2.2921978e-15  -2.3896493e-15  -3.5434903e-15  -1.0512714e-15   1.0068492e-15   3.6457460e-16  -5.4745898e-15  -7.8854975e-03  -4.8869438e-04  -2.8862417e-03  -3.9961848e-03  -1.6211792e-15   1.2191235e-15  -2.5711285e-15   2.7172472e-16   5.9599673e-04   1.8527099e-03  -3.1685695e-03   3.6153781e-04   3.3537608e-15   4.1108654e-16  -5.5452320e-16  -8.9807008e-16  -6.3828229e-04   4.2353511e-03   4.8146324e-03  -4.6233077e-03   2.8736583e-15  -1.5896094e-15   4.2474606e-15  -2.3808223e-16  -1.5291125e-02   5.6115912e-03  -1.2686981e-03  -1.8784472e-03
   2.0053155e-08  -4.5795187e-08   1.4449237e-08  -1.8144240e-08  -1.0858140e-15   3.6912579e-16   2.7365159e-16   1.1170917e-15  -4.6966182e-08   1.0723423e-07  -3.3839361e-08   4.2490953e-08   1.9122285e-15  -2.9901965e-15  -9.2055490e-16   1.4422431e-15  -5.3563762e-08   1.2230863e-07  -3.8593920e-08   4.8462000e-08   2.3915468e-16  -7.9050343e-16  -2.3277045e-15   9.6735792e-16  -2.9789294e-08   6.8038193e-08   2.0833312e-02   2.6955315e-08  -4.7330779e-15   3.0152889e-15  -1.4406501e-15  -3.2608727e-15  -1.9121598e-16   3.3328683e-15   1.5334176e-15  -6.1887394e-15  -5.6752031e-03  -8.2657612e-04  -1.5902711e-04  -5.3415686e-03  -3.0504461e-15  -2.8106756e-15   1.4106465e-15  -1.6241869e-15   1.1600546e-03   1.7455296e-03  -3.1906435e-03  -1.1355120e-03   5.4832704e-15   7.3676288e-16   3.3854325e-16  -2.4603032e-15  -1.1139352e-02   8.0372044e-03   3.2724803e-03  -5.0717144e-03   1.5380534e-15   4.2038073e-16  -1.2261296e-15   1.5786403e-15   1.0170757e-02   6.5587340e-05   5.2833648e-03  -4.9006430e-04
   2.0068933e-08  -3.5298116e-09  -1.8144234e-08  -9.7036825e-09  -1.3164771e-16   1.3627168e-15  -2.8322974e-16   6.3499195e-16  -4.7001498e-08   8.2706248e-09   4.2490962e-08   2.2711816e-08  -3.1096707e-15   2.9385914e-15   6.9740376e-16  -1.3189194e-15  -5.3604830e-08   9.4307479e-09   4.8462021e-08   2.5909528e-08  -1.0139895e-15   9.6539914e-16   1.2944371e-15  -2.6444130e-16  -2.9813424e-08   5.2422833e-09   2.6955315e-08   2.0833348e-02   5.9962249e-15  -3.1547775e-15   8.5952541e-16   4.0809622e-15   7.7090004e-15   4.0227334e-15   5.1419838e-15   1.4589498e-15  -3.2931015e-03   3.5560602e-03   8.1986142e-03  -9.8800030e-04   2.5942438e-15   3.7293633e-15   2.7106977e-15  -3.8931659e-15  -1.2924855e-02   5.0038685e-03   1.9136155e-03  -9.3627205e-03   1.2912998e-15  -2.8794132e-15  -2.7112826e-15   3.9900097e-15   4.7359141e-03   4.2366202e-03   2.3142277e-03   2.0834480e-03  -1.0247798e-15  -3.1275507e-15  -1.9167892e-15   1.5132880e-15   1.2045578e-03   1.2678295e-03  -1.4545520e-03   1.9192634e-03
  -1.4080310e-15  -1.4487544e-15   4.9287492e-16   1.8991875e-16   8.8945176e-04   7.5826987e-04  -8.4811919e-04  -2.1517601e-03   5.0948929e-15   1.5419224e-15   2.1724583e-15  -3.7136953e-15  -9.9526542e-03   8.5816757e-03   5.3784622e-03  -7.2262345e-03   5.9901931e-17  -5.1943608e-16  -2.4176605e-16   2.0729010e-15   3.0841721e-03  -3.1655776e-04   2.8549787e-03   2.6511924e-03  -3.6802615e-15  -1.7847727e-15  -4.7330779e-15   5.9962249e-15   2.1918723e-02  -7.5196310e-03  -7.9845083e-04   9.5033174e-03   1.4685578e-18   3.0740161e-18   8.6284090e-18  -1.8902073e-18  -5.9152554e-15   2.5075724e-15  -4.9217546e-16  -4.9159423e-15   1.0736025e-17  -8.5060013e-18  -8.1740717e-18  -1.4161668e-17   9.4096029e-15  -5.6411514e-15  -4.0348919e-15   4.8041536e-15   2.0949830e-17  -2.8035002e-18  -1.4864905e-17  -5.0337991e-18  -3.6126996e-15  -2.7942538e-16   1.7135018e-15  -2.4359005e-15   6.0763975e-18  -1.9235446e-17   7.7580648e-18  -3.6703917e-18  -1.2174645e-15   1.0435416e-15  -7.5416685e-16  -4.3388325e-16
   2.4997187e-16   2.3222259e-15  -1.4828640e-15  -2.7788370e-15   7.5826987e-04  -3.1246131e-03   1.9164302e-03  -3.4324858e-03  -7.8578443e-16  -3.8061764e-15  -3.6971585e-15   4.7723755e-15   8.5816757e-03   2.8593954e-03   3.8598517e-03   2.6849577e-03   2.6460247e-15   3.0331907e-15   2.4857564e-15  -1.6156900e-15  -3.1655776e-04  -1.0948615e-03   5.7402057e-03  -2.6392739e-03   4.3663764e-15   2.2921978e-15   3.0152889e-15  -3.1547775e-15  -7.5196310e-03   7.5496947e-03   3.1763171e-03  -4.4724342e-03   1.9944974e-18  -1.8552575e-18  -1.0748291e-17   1.8541444e-17   3.0258125e-16   6.8566460e-17   2.0795082e-16  -4.0073808e-16   1.3043613e-17   7.8046171e-18   4.6616957e-18   5.0620921e-18  -4.0354949e-15   1.1170452e-17  -1.0000360e-15   6.5332843e-16  -6.4427155e-18  -1.9377283e-17   3.3485226e-18  -3.8979983e-18  -4.1288043e-17   6.6351403e-16  -5.7602516e-16   9.2699766e-17  -1.6076690e-18   3.0309749e-17  -2.9686495e-17   6.0992466e-19  -1.0838904e-15  -5.7487964e-16   1.0229982e-15   9.9319402e-17
   1.5100130e-16  -1.1071953e-15   4.1391428e-16   1.9559673e-15  -8.4811919e-04   1.9164302e-03   5.2549037e-04   3.6404969e-03   5.7394391e-16   6.7910148e-16  -1.1362769e-15   2.9381561e-15   5.3784622e-03   3.8598517e-03   8.5775962e-03  -4.5107127e-04  -2.0510510e-16  -2.5694689e-15  -1.6553589e-15   2.2080361e-15   2.8549787e-03   5.7402057e-03   1.7417617e-03  -1.1686926e-03   4.4925111e-16  -2.3896493e-15  -1.4406501e-15   8.5952541e-16  -7.9845083e-04   3.1763171e-03   5.3819795e-03  -1.8788898e-03  -1.0290859e-18  -2.0096325e-18  -6.9904085e-18   1.2541033e-17   2.1998790e-15  -2.0092392e-16   1.5971406e-15   3.2171811e-15   1.5701937e-17   4.3584744e-19  -1.3035952e-18   6.9845727e-19  -2.6072174e-15  -3.5133034e-16   8.6618262e-16  -4.2368208e-16   3.9329754e-18  -1.5394109e-17  -4.3768031e-18  -7.9569828e-18   2.4175323e-15  -5.5966388e-16  -4.5924994e-16   4.0734406e-16   2.0223815e-18   1.4862275e-17  -1.8223834e-17  -2.5594952e-18   1.5595905e-15  -6.4359911e-16  -1.4698300e-15   4.9478923e-16
   3.1409136e-15   3.2731145e-15   3.3551621e-15   5.5017000e-17  -2.1517601e-03  -3.4324858e-03   3.6404969e-03   1.7096710e-03   1.0641868e-15  -1.4385587e-17   2.4254173e-15  -2.3934183e-15  -7.2262345e-03   2.6849577e-03  -4.5107127e-04  -1.4843374e-03  -2.1721727e-15   1.2337888e-15  -1.4992563e-16  -1.8290241e-15   2.6511924e-03  -2.6392739e-03  -1.1686926e-03  -3.7310724e-03  -2.1672187e-15  -3.5434903e-15  -3.2608727e-15   4.0809622e-15   9.5033174e-03  -4.4724342e-03  -1.8788898e-03   6.8162672e-03  -4.1610645e-18  -1.0820714e-18   6.7404563e-18  -6.7987586e-18  -3.6763332e-15   1.2846881e-15   1.1975492e-15   1.9365255e-15   8.4225777e-18  -1.2082535e-17  -9.7776984e-18  -8.8403789e-18   4.6670780e-15  -2.0974320e-15   3.6434228e-16   2.1568275e-15   1.9422949e-17   4.4001682e-18  -1.6351419e-17  -7.4264373e-18  -1.0051339e-15  -6.1979154e-16   1.6937756e-17   6.3113717e-16   5.8385877e-18  -2.7793571e-17   1.8580180e-17  -6.1707415e-18   6.2197848e-16  -1.3714109e-16   8.4034724e-16  -9.1825322e-16
   2.0696671e-15  -1.6179961e-15  -1.9150725e-15  -1.4742279e-16   7.1715639e-18   4.0639074e-18  -8.1300009e-18  -1.3191797e-17   6.2415561e-16  -2.6787466e-16   9.5071330e-16   1.1477456e-15   3.1428558e-18   1.8085036e-18   1.7654579e-19  -3.3175326e-18  -1.1206166e-15   3.8653784e-15   3.5472654e-15  -7.5329745e-15  -5.4950650e-18  -2.0464885e-18   7.5520853e-18   1.0741617e-17   1.7016770e-15  -1.0512714e-15  -1.9121598e-16   7.7090004e-15   1.4685578e-18   1.9944974e-18  -1.0290859e-18  -4.1610645e-18   1.0077278e-02   4.3706354e-03   6.9792447e-03   5.3348878e-03   3.7000985e-15  -1.6063671e-16  -1.9650850e-15   8.2340676e-16  -7.9700416e-04   5.8459424e-03   5.1188153e-03  -8.3870408e-03   5.8480169e-15   3.2130799e-15  -3.4617629e-15  -5.1306565e-16  -1.1961997e-04  -2.0425381e-03  -6.2632826e-04   7.9123586e-03  -5.5622158e-15   1.9978206e-16   3.2291303e-15   2.7957880e-15  -1.8419845e-03  -1.9539928e-03  -2.3831194e-03   3.2607592e-03  -4.2928893e-15   6.0890850e-16   2.3725841e-15   1.0606579e-15
  -8.4992492e-16  -5.5622599e-16  -1.7321094e-15   1.5095299e-16   3.7674081e-18   4.0459503e-18  -5.8402570e-18  -5.8490734e-18   5.2193705e-16   1.2162980e-15   7.7828824e-16   2.7207768e-16  -1.4114223e-18  -9.1703459e-19  -2.2914861e-18  -2.8071829e-18  -2.9761975e-15  -8.5536439e-16  -8.6811565e-16  -7.0284215e-15  -3.4834561e-18  -5.3058545e-19   1.4026256e-18   7.6521191e-18   4.4457312e-15   1.0068492e-15   3.3328683e-15   4.0227334e-15   3.0740161e-18  -1.8552575e-18  -2.0096325e-18  -1.0820714e-18   4.3706354e-03   6.5887895e-03   5.8176896e-03  -4.6465576e-03   6.1222615e-15   3.4200552e-16  -2.9762720e-15  -7.8895954e-16  -4.0845759e-03   2.9877362e-04  -2.2374716e-03  -7.4339190e-03   7.2695013e-16   4.8838611e-16  -8.9590027e-16  -5.8903390e-16   4.6739744e-03  -1.1266971e-03   2.9260810e-03   3.2893791e-03   1.0360402e-15   6.6322927e-16  -1.1958323e-15   1.0640268e-16   1.9066453e-03   2.7286816e-03  -3.4224997e-03   3.7746420e-03  -6.7311136e-16   6.2710472e-16   6.2032795e-16   1.9699739e-15
  -1.1225700e-15  -1.9802660e-15   1.1987129e-15  -5.6585092e-16  -1.2387013e-18   1.5851835e-18  -1.3915767e-18   2.7434384e-18  -6.4376536e-17   2.5402493e-16   4.4877967e-16   7.4493758e-16  -1.3688932e-17  -5.9952468e-18  -1.0233407e-17  -2.3966461e-18  -2.1782938e-15   9.2936670e-16   1.4482123e-16  -7.3510932e-15  -9.0808011e-19  -2.5030839e-18  -8.6647272e-18   2.2957568e-18   4.6546564e-15   3.6457460e-16   1.5334176e-15   5.1419838e-15   8.6284090e-18  -1.0748291e-17  -6.9904085e-18   6.7404563e-18   6.9792447e-03   5.8176896e-03   8.2899752e-03  -1.9647506e-03   7.1334537e-15   2.0397675e-15  -4.1348696e-15  -1.2645925e-15  -2.9241448e-03   1.3507429e-03   1.1231672e-04  -9.5532698e-03   4.1310424e-15   7.0916544e-16  -1.8530972e-15  -1.1498481e-15   4.8135330e-03   4.9918977e-04  -6.2725581e-04   5.4728846e-03  -4.2654719e-16  -7.5800021e-16   2.1543466e-17   7.5543801e-16   7.4370212e-04  -4.8174720e-03   1.3801694e-03   3.0319075e-03  -1.1241506e-15   9.3241533e-16  -4.9378609e-16   3.4966838e-16
   1.5621360e-15  -1.0193657e-16  -1.0146822e-15  -1.2592687e-15   4.5163496e-18  -6.1059342e-18   3.2817644e-18  -1.3419951e-17  -1.2636190e-15  -7.2466659e-16  -4.7598206e-16   1.9446953e-15   2.1178897e-17   2.0189392e-17   2.3748468e-17  -2.0249822e-20   6.6903400e-15   2.5014091e-15   5.1031039e-15   1.7485432e-15   2.8202172e-18   2.6314280e-19   2.3519998e-17  -3.3814802e-18  -5.8595183e-15  -5.4745898e-15  -6.1887394e-15   1.4589498e-15  -1.8902073e-18   1.8541444e-17   1.2541033e-17  -6.7987586e-18   5.3348878e-03  -4.6465576e-03  -1.9647506e-03   1.6710621e-02  -5.2208319e-15  -2.2778472e-15   3.6703537e-15   1.3276786e-15   1.0270608e-02   6.3995032e-03   8.3923503e-03   3.8591382e-04   9.9836132e-15   3.5393309e-15  -4.3888037e-15   2.0073771e-15  -4.7067539e-03  -6.0668648e-03  -6.6646470e-03   1.8735729e-03  -6.1133495e-15  -1.8266513e-15   2.9915521e-15   1.1462635e-15  -3.9926818e-03  -1.6033086e-03  -3.9447218e-03  -2.2668665e-03  -2.7927601e-15  -4.4823217e-16   1.4141268e-15   7.5407158e-16
   4.1531959e-04   1.4508418e-03   2.5317912e-03  -5.2083988e-03   3.0835362e-15   6.0996413e-16  -2.8349965e-15  -2.8052155e-15   7.3984921e-03   4.4015595e-04   2.1532717e-03   6.2838363e-03   4.0354326e-15  -2.5978758e-15  -1.8269861e-15   1.9476995e-15  -1.0538100e-03  -4.0333883e-03  -3.3994132e-03   6.8783825e-03  -4.1697770e-15   8.8914876e-16   6.6841156e-16   1.5648217e-15  -1.0847949e-02  -7.8854975e-03  -5.6752031e-03  -3.2931015e-03  -5.9152554e-15   3.0258125e-16   2.1998790e-15  -3.6763332e-15   3.7000985e-15   6.1222615e-15   7.1334537e-15  -5.2208319e-15   2.0833334e-02  -1.1339837e-09  -5.5186074e-09  -3.2495994e-09  -7.7186231e-15  -1.0936904e-15  -3.3064418e-15  -1.0189533e-14  -7.9659866e-10  -4.3889314e-09  -2.1452576e-08  -1.2661164e-08   4.4962738e-15   1.7377148e-15   4.6239265e-15   4.1801401e-15  -7.8249097e-11  -4.4040854e-10  -2.1483062e-09  -1.2665412e-09   1.9469040e-15   9.2405915e-16  -4.8298148e-16   3.8910669e-15  -1.9129747e-09  -1.0523265e-08  -5.1443912e-08  -3.0364205e-08
   6.2731770e-03   2.9921671e-03   8.0316385e-03   9.0458687e-04   2.5348460e-15   1.1955536e-15  -2.0612232e-15   1.6352404e-16  -4.4425666e-03  -7.5119600e-03  -6.0148378e-03   3.6069080e-03  -4.9510197e-15  -4.5564174e-16   1.2382570e-15  -3.1886935e-16   7.2644622e-03  -4.0968343e-04   4.9478893e-03   9.6335074e-03   5.8702334e-16   1.2610571e-16   2.7588561e-16   1.8645009e-15   3.3538758e-03  -4.8869438e-04  -8.2657612e-04   3.5560602e-03   2.5075724e-15   6.8566460e-17  -2.0092392e-16   1.2846881e-15  -1.6063671e-16   3.4200552e-16   2.0397675e-15  -2.2778472e-15  -1.1339837e-09   2.0833331e-02  -5.9068586e-09  -8.2611592e-10  -2.8758899e-15  -6.7105517e-16  -2.5428800e-15  -4.4187528e-15  -4.3889628e-09  -9.2946138e-09  -2.2948441e-08  -3.2277094e-09   3.0135271e-15   1.2038249e-16   2.0218706e-15   2.2252402e-15  -4.4042463e-10  -9.2913461e-10  -2.2987299e-09  -3.2243483e-10   6.4377049e-16   9.9341790e-16  -6.0708813e-16   1.0836822e-15  -1.0523262e-08  -2.2291604e-08  -5.5029830e-08  -7.7414598e-09
  -3.8233659e-03  -3.7851108e-03  -7.2057446e-03   5.0156996e-03  -5.0772350e-15  -1.5293599e-15   2.2716279e-15   4.1036696e-15   2.0152914e-03  -7.4249239e-03  -2.4675906e-03   1.1699401e-02  -4.2239439e-15  -7.2439391e-16  -5.8567383e-17   4.7559110e-16  -2.7378407e-03  -3.6802330e-03  -3.3733830e-03  -2.3482986e-03   7.3506897e-16   7.2126079e-16   3.6962416e-17  -1.6994614e-15   3.5127678e-03  -2.8862417e-03  -1.5902711e-04   8.1986142e-03  -4.9217546e-16   2.0795082e-16   1.5971406e-15   1.1975492e-15  -1.9650850e-15  -2.9762720e-15  -4.1348696e-15   3.6703537e-15  -5.5186074e-09  -5.9068586e-09   2.0833330e-02   4.8938856e-09   5.3589750e-15  -9.2328833e-16   1.4302845e-15   5.6344652e-15  -2.1452624e-08  -2.2948428e-08  -1.4585181e-08   1.9049229e-08  -4.1254098e-15  -8.1335727e-16  -1.9673916e-15  -2.6789984e-15  -2.1482798e-09  -2.2987417e-09  -1.4604158e-09   1.9064349e-09  -1.8352951e-15  -1.4005735e-15  -1.0467135e-15  -3.0837275e-15  -5.1443886e-08  -5.5029832e-08  -3.4975987e-08   4.5682705e-08
