   6.7349913e-03   1.2408486e-04   1.0180924e-03  -9.5716579e-04  -2.4718982e-04  -9.2349794e-05  -1.5579376e-04  -1.6176538e-05   7.1976174e-05  -5.7706292e-03  -5.2928746e-05  -8.5038583e-04   8.8304765e-04   1.6808723e-04  -1.4924911e-05   9.7869053e-05   7.5025869e-05  -1.6122944e-04  -7.2658257e-03  -6.3887970e-05  -1.0469046e-03   1.0866537e-03   2.0619898e-04   1.9052739e-04   1.8906943e-04  -4.5856687e-05  -2.1755640e-05  -1.1851175e-03  -9.3145245e-06  -1.5570778e-04   1.6319026e-04   3.0234903e-05  -5.3994402e-05   7.6627620e-05   1.1537038e-04   1.1784414e-04  -2.0743285e-04  -2.5839054e-06  -2.5077890e-05   2.8645776e-05   4.8865415e-06  -1.3508126e-04   4.8433154e-05  -1.1635937e-04   2.7933190e-05  -4.0862279e-07   1.1781244e-06   5.8523555e-07  -1.7500147e-06  -2.7765368e-07   4.1404756e-03   5.3412313e-03  -1.1930363e-03  -3.2354233e-03  -2.1731375e-06   1.2527733e-06   4.3648288e-06  -6.7306049e-06  -1.0346451e-06   3.2662937e-03   6.2624030e-03   1.2652584e-03  -2.5596145e-03  -1.9394381e-07   1.0038830e-06   4.4143100e-07  -1.8174130e-06  -4.7142202e-07  -2.7907786e-03  -2.8654795e-03   6.4810127e-04   1.6350138e-04  -9.7510389e-07  -6.3951270e-07   2.3875906e-06  -1.6692962e-06  -2.6071058e-07  -2.3195865e-03  -3.9544970e-05  -1.1587443e-03   1.6188173e-04
   1.2408486e-04   7.0460848e-03  -3.0532826e-04   2.3116663e-04   3.0973862e-05   1.5999227e-05  -6.9749492e-05   2.3844702e-05  -6.4343766e-06  -4.7962707e-05  -5.9985118e-03   2.0175435e-04  -2.3810419e-04  -5.7922418e-05  -1.3656561e-04   1.6568327e-04   1.0306600e-04   4.7229533e-05  -6.6903593e-05  -7.5431190e-03   2.7667392e-04  -3.2337573e-04  -7.8077289e-05   7.1415857e-05  -1.5311064e-05  -1.0540254e-04  -6.1784219e-05  -1.5078775e-05  -1.2252093e-03   5.9449833e-05  -6.6125174e-05  -1.5694526e-05   9.3179729e-05   3.5761217e-05  -7.1106016e-05   2.3156481e-04  -4.0204469e-06  -2.1621229e-04   1.1922587e-05  -1.1965686e-05  -2.2659695e-06  -2.6117666e-04   1.9876006e-04  -3.0097186e-04  -6.3334745e-05  -8.5233190e-07  -6.5233745e-07  -2.9651612e-07  -9.6203518e-07   2.7291685e-07   1.9479982e-04  -1.6941810e-03   2.2911246e-03  -5.1422093e-04  -2.3655611e-06   3.0015223e-08  -8.3966602e-07  -2.6931430e-06   8.3309955e-07   1.6906167e-03   2.2985059e-03   6.1977077e-05  -1.2300477e-03  -1.1500205e-06  -1.0282965e-07   6.9591527e-08  -8.9818664e-07   3.8259917e-07   4.9044506e-03   4.5786877e-03  -9.5228281e-05  -3.5765915e-03   3.0895839e-07   5.5121966e-07  -4.9939828e-07  -3.8825834e-07  -1.2859067e-08  -5.8442763e-03  -4.3530549e-03  -8.1726363e-04   3.8524058e-03
   1.0180924e-03  -3.0532826e-04   3.8198848e-03   3.3144540e-03   6.6483352e-04  -1.1279091e-04  -1.0821093e-04  -3.7661928e-05   8.3027215e-05  -8.3483930e-04   2.1537299e-04  -3.2304741e-03  -2.7978866e-03  -6.0527435e-04   9.9173735e-05  -2.9726519e-05  -4.0112443e-06  -2.1675990e-04  -1.0562889e-03   2.6837166e-04  -4.0599151e-03  -3.5279250e-03  -7.6043347e-04   1.5024204e-04   2.2255794e-04   3.8231739e-05   2.7003409e-05  -1.7290144e-04   4.3403411e-05  -6.5553272e-04  -5.7655393e-04  -1.2441092e-04  -1.3700832e-04   5.4357525e-05   1.8586377e-04  -6.5079522e-05  -2.9476600e-05   7.9987611e-06  -1.1393630e-04  -1.0082985e-04  -2.2294766e-05   7.1330958e-05  -1.1386507e-04   1.2516092e-04   8.3772180e-05   5.1544800e-07   1.3246942e-06   6.9729889e-07  -8.8635251e-07  -4.5801468e-07  -2.9093442e-03  -2.3636601e-03   3.8745647e-04   1.6190616e-03  -9.6511583e-08   1.5804640e-06   5.8348551e-06  -4.5748061e-06  -2.2445113e-06   2.6948131e-03   5.9424450e-03   5.6506448e-04  -2.4711367e-03   7.3112939e-07   1.2021997e-06   8.6104580e-07  -1.1395813e-06  -3.6028389e-07  -1.2088567e-03   1.7085636e-04  -9.2448127e-04   1.7323218e-04  -7.4768184e-07  -8.7979589e-07   2.6975234e-06  -1.3689236e-06  -5.5329132e-08   1.4457072e-03   1.9068732e-03   6.9672088e-04  -1.8985027e-03
  -9.5716579e-04   2.3116663e-04   3.3144540e-03   3.7452413e-03  -7.0780829e-04  -9.6299802e-05  -9.0511027e-05  -3.2685162e-05   7.0458685e-05   8.6996049e-04  -2.5157815e-04  -2.8045715e-03  -3.1866137e-03   5.9699021e-04   8.8522001e-05  -3.6093101e-05  -9.3355670e-06  -1.8117451e-04   1.0945729e-03  -3.1518137e-04  -3.5239768e-03  -4.0122910e-03   7.4937946e-04   1.1878816e-04   1.8198853e-04   3.7385638e-05   2.6667288e-05   1.7798851e-04  -5.0357952e-05  -5.7026475e-04  -6.5395036e-04   1.2105014e-04  -1.1864565e-04   4.2467603e-05   1.5764635e-04  -6.6716576e-05   3.2358770e-05  -8.0926612e-06  -9.9031303e-05  -1.1416663e-04   2.0522686e-05   7.3245481e-05  -1.0503243e-04   1.2001363e-04   7.2718807e-05   9.0779743e-07   9.7118526e-07  -3.6354009e-08  -1.0920563e-06  -7.5571587e-07  -3.3077166e-03  -3.2154509e-03   9.3070947e-04   2.1478852e-03  -5.4908723e-07   1.3721709e-06   4.6980633e-06  -4.3300915e-06  -1.3117446e-06   1.4808854e-03   4.2936774e-03   1.4747814e-04  -1.9848502e-03   1.8241444e-07   1.5565039e-06   3.6475411e-07  -6.7851331e-07  -7.7025133e-07   1.2346534e-03   2.4329176e-03  -7.0635031e-04  -3.9122392e-04  -1.1885377e-06  -1.4704391e-06   2.2276100e-06  -1.2216936e-06  -3.6429020e-07   2.5511966e-03   2.5681241e-03   1.1373049e-03  -1.7357153e-03
  -2.4718982e-04   3.0973862e-05   6.6483352e-04  -7.0780829e-04   6.8409502e-03   5.1510957e-05   8.7790938e-05   8.5850478e-06  -4.0059356e-05   1.6260733e-04  -6.0264428e-05  -5.9790566e-04   5.8844762e-04  -5.9268213e-03   9.6840003e-06  -5.8481981e-05  -4.3468473e-05   8.9039915e-05   2.0951964e-04  -7.6649560e-05  -7.6489899e-04   7.5453333e-04  -7.4532531e-03  -1.0871413e-04  -1.0704099e-04   2.7062771e-05   1.4276057e-05   3.6379784e-05  -1.2909276e-05  -1.3280852e-04   1.3049642e-04  -1.2101119e-03   2.8211865e-05  -4.3178795e-05  -6.2628986e-05  -6.9350828e-05   6.4538974e-06  -1.5894324e-06  -2.4385290e-05   2.2942753e-05  -2.1172826e-04   7.9844851e-05  -2.9848398e-05   6.9815769e-05  -1.4574569e-05   3.1095015e-07  -6.4682527e-07  -2.4451028e-07   8.0163388e-07   9.7976810e-08  -3.8381325e-03  -4.1520187e-03   1.2009060e-05   1.8512510e-03   1.2164749e-06  -7.8766576e-07  -2.6501598e-06   3.8339414e-06   7.0095955e-07   1.6316390e-03  -4.6395068e-04   1.8346842e-04   9.8674677e-04  -1.3829053e-08  -4.7008531e-07   1.3941025e-07   6.4566914e-07   1.1046043e-07  -5.6419999e-03  -4.8491415e-03  -1.9514101e-03   1.0452218e-03   3.6104293e-07   2.8249882e-07  -9.5730891e-07   5.4947237e-07   1.3763139e-08  -4.2477433e-03  -4.8408683e-03  -7.8284134e-04   5.7750073e-04
  -9.2349794e-05   1.5999227e-05  -1.1279091e-04  -9.6299802e-05   5.1510957e-05   5.0524203e-03   5.2159612e-03   5.1101809e-04  -2.5924206e-03  -4.0439124e-05   7.2114441e-06  -4.9189235e-05  -4.2890907e-05   2.2385737e-05  -3.7708358e-03  -3.2493545e-03  -1.8592827e-04   7.1786301e-04  -4.9278622e-05   8.9065315e-06  -6.6111140e-05  -4.9638501e-05   2.9137390e-05  -6.1349067e-03  -7.1322283e-03  -8.9306063e-04   4.1063298e-03  -8.0956662e-06   2.3615432e-06  -8.6001470e-06  -1.0545479e-05   3.9024799e-06   3.2152003e-05   8.8530775e-04   1.0303960e-03   3.8574801e-04  -1.5967784e-06   2.1787142e-06   1.7682231e-06  -4.9922182e-06  -5.1217358e-07  -3.2666224e-04   3.4721910e-03  -1.7431516e-03  -1.1423886e-03   3.9561412e-03   3.2858825e-04  -2.0500835e-03  -3.0400982e-03  -7.4342036e-04  -1.0174601e-06   5.4831645e-07  -5.2395416e-08   2.2842232e-07  -6.6558434e-04   7.9039671e-04   4.7531434e-05   7.3973329e-04  -1.9351978e-03   7.0963153e-07   7.8471579e-08   4.9024340e-07   6.2761155e-07   1.3243493e-03   4.2941917e-03   3.4255381e-04  -4.3548233e-04   3.4600958e-03  -3.6844409e-07   6.7375278e-07  -4.7637837e-08   1.4680981e-07   7.4844945e-04  -4.2281474e-03   1.9637341e-03   6.6974267e-04   3.3869490e-03   1.3658156e-06  -8.3013856e-07   3.3727007e-07  -1.2408135e-07
  -1.5579376e-04  -6.9749492e-05  -1.0821093e-04  -9.0511027e-05   8.7790938e-05   5.2159612e-03   6.6007400e-03   3.5137886e-04  -3.0709457e-03  -6.7118110e-05  -3.1907645e-05  -5.2323390e-05  -3.4407383e-05   3.9889161e-05  -2.5790209e-03  -4.6567573e-03  -8.3157209e-04   2.0893956e-03  -8.4515093e-05  -3.8506136e-05  -6.3078393e-05  -4.7176579e-05   4.8966105e-05  -7.5380598e-03  -8.2884347e-03  -3.0245399e-05   4.1678292e-03  -1.4649322e-05  -6.5224182e-06  -9.3638583e-06  -8.9089148e-06   8.1145529e-06   1.3704484e-04   9.9962459e-05  -1.4821237e-05  -1.4390425e-03  -2.6911136e-06  -2.3049071e-06  -3.0666932e-06   4.7695563e-09   2.0280376e-06   3.2823980e-03   8.8213999e-04   1.8288089e-03  -7.4277532e-04   5.9244983e-03  -1.1614259e-03  -3.8309181e-03  -5.2442713e-03  -2.0390371e-03   1.7612296e-07  -8.2504133e-07   4.7402000e-07  -3.6246766e-07  -2.6390156e-03   9.4652978e-04  -1.5592497e-03  -6.4214017e-04  -1.5653658e-05  -5.3622098e-07   4.8099830e-07   3.2423792e-07  -5.3389748e-07  -6.4046917e-04   6.1854755e-03   5.8872655e-05   1.9782040e-04   2.6842099e-03   2.9752242e-07  -1.9453231e-07   4.1676224e-07  -4.3077423e-07  -2.9859988e-04  -6.1483345e-03   1.2552334e-03   2.7943786e-04   2.6563504e-03  -5.4840037e-07   9.3887332e-07  -5.5421754e-07   2.7774256e-07
  -1.6176538e-05   2.3844702e-05  -3.7661928e-05  -3.2685162e-05   8.5850478e-06   5.1101809e-04   3.5137886e-04   4.8497270e-04  -1.9291185e-04  -6.0825402e-06   1.0686241e-05  -1.8444418e-05  -1.1750484e-05   4.1158518e-06   3.8282855e-05   1.4475626e-04  -1.3915862e-03   1.3344563e-03  -9.4011258e-06   1.3228666e-05  -1.9498587e-05  -1.9510463e-05   4.4345844e-06  -1.0288070e-03  -6.2132406e-04   4.8579599e-04  -4.9318658e-04  -1.8519779e-06   5.9510217e-07  -6.1238486e-06   1.2533758e-08   2.1232213e-06   7.8011889e-04  -1.1046698e-03  -1.1125741e-03  -1.1793053e-03  -6.2843689e-07   1.9798253e-06   2.6767298e-06  -3.9920662e-06  -1.0016084e-06  -1.8066369e-03   1.5523727e-03  -1.5677485e-03  -8.6384754e-04   8.3579257e-04  -9.2924693e-05  -1.6286033e-04  -4.4874942e-04   1.1667437e-04  -2.4423813e-07  -4.0405152e-08  -1.0804051e-06  -7.2845620e-07   1.1508237e-04   1.6777495e-04   3.6806811e-04   5.7703452e-04  -1.0745871e-03   1.2702794e-07  -6.1156233e-07   6.6036937e-07  -9.5856450e-07   6.9000050e-04   6.6447363e-04   3.9800862e-04  -8.7544636e-05   1.5429444e-03  -2.1930195e-07  -8.5081570e-08  -5.6412689e-07  -7.1191882e-07   7.6677108e-04  -4.1192020e-04   5.4565712e-04   2.6389561e-05   1.2230567e-03   4.5775638e-07  -2.2542195e-07   1.3743553e-06   6.2684127e-07
   7.1976174e-05  -6.4343766e-06   8.3027215e-05   7.0458685e-05  -4.0059356e-05  -2.5924206e-03  -3.0709457e-03  -1.9291185e-04   1.8459350e-03   3.0428826e-05  -4.0451487e-06   3.5526757e-05   3.1748144e-05  -1.6658912e-05   2.1108278e-03   1.0624294e-03  -1.0378569e-03  -2.2792692e-03   3.9274117e-05  -2.6257728e-06   4.9408071e-05   3.5569544e-05  -2.3316112e-05   3.2630177e-03   4.7895510e-03   9.4303367e-04  -1.2824752e-03   5.0045190e-06  -4.6772999e-07   1.0918907e-05   2.0742050e-06  -4.4174782e-06  -1.1691558e-03  -2.9266172e-04   1.4688575e-03  -1.4931137e-03   1.2774568e-06   5.9239425e-07   2.3715298e-06  -1.0656792e-07  -1.1301893e-06  -1.5367910e-03  -4.5200324e-04  -1.9214385e-04   5.7879732e-04  -2.8826380e-03   4.8238177e-04   1.5410317e-03   2.3484145e-03   3.9575192e-04  -5.3379804e-07   1.8395555e-07   5.7502078e-07  -8.7689943e-07   1.3987133e-03  -3.9013361e-04   6.6435575e-04  -3.9762171e-05   1.1049586e-03  -6.8879711e-07   4.3465303e-07   1.2276596e-06   4.9120341e-07  -6.6041926e-04  -2.8404854e-03  -4.4276340e-04   1.7027984e-04  -3.0692273e-03  -6.1054004e-07   1.1920880e-07   6.0327606e-07  -3.9385610e-07  -7.0862936e-04   2.5594959e-03  -9.3170106e-04   6.8887407e-05  -2.6985136e-03   4.2718926e-07  -1.3351544e-07  -2.6973729e-07   1.0873336e-06
  -5.7706292e-03  -4.7962707e-05  -8.3483930e-04   8.6996049e-04   1.6260733e-04  -4.0439124e-05  -6.7118110e-05  -6.0825402e-06   3.0428826e-05   1.7406798e-02   2.2103804e-04   2.5567843e-03  -2.5634869e-03  -5.5082033e-04  -6.1282786e-06   4.3475755e-05   3.2941490e-05  -7.0535147e-05  -3.1781407e-03  -2.5990364e-05  -4.5354497e-04   4.7732275e-04   8.7804756e-05   8.3174316e-05   8.3183578e-05  -1.9309624e-05  -1.0336569e-05  -5.1941627e-04  -1.8376391e-06  -6.8640004e-05   6.8716114e-05   1.3403972e-05  -2.3663602e-05   3.3208176e-05   5.0337847e-05   5.1445492e-05  -9.1782487e-05   1.4104254e-06  -1.2693350e-05   1.0645921e-05   2.3398302e-06  -5.9026555e-05   2.1019491e-05  -5.0739318e-05   1.2035303e-05   8.5714541e-06  -1.6795842e-06  -9.6484233e-06  -1.0132214e-05  -3.6227275e-06  -1.6417130e-03  -9.7704317e-04   2.4930332e-03   8.8763347e-03  -1.5223346e-05   5.4752924e-07  -8.6248663e-06  -1.3665302e-05   6.7800727e-06   1.1454482e-04  -9.4740244e-03  -4.4168381e-03  -6.2949162e-03  -4.8300702e-06   1.0514914e-05  -3.1342693e-06  -5.3037103e-07   2.2005225e-06   6.3134421e-03  -1.1359785e-03  -8.2278399e-03   7.1035746e-04  -5.6658373e-06  -1.1996923e-05  -2.8945516e-07  -2.2866864e-06   3.2806266e-06   3.2978821e-03  -1.6114971e-03   1.2793355e-03  -1.4029166e-04
  -5.2928746e-05  -5.9985118e-03   2.1537299e-04  -2.5157815e-04  -6.0264428e-05   7.2114441e-06  -3.1907645e-05   1.0686241e-05  -4.0451487e-06   2.2103804e-04   1.8129138e-02  -7.0780273e-04   6.9718922e-04   1.4414532e-04  -5.9443693e-05   7.2154036e-05   4.5251944e-05   1.9905268e-05  -3.0308364e-05  -3.3034992e-03   1.2265476e-04  -1.4085022e-04  -3.3899644e-05   3.1406586e-05  -7.2963358e-06  -4.5904290e-05  -2.7693715e-05  -8.3771891e-06  -5.3714399e-04   2.3083254e-05  -3.1187206e-05  -5.8803616e-06   4.0391257e-05   1.5564240e-05  -3.0617429e-05   1.0145949e-04   4.6664593e-07  -9.1502577e-05   3.9937045e-06  -6.4251069e-06  -2.4056450e-06  -1.1427634e-04   8.6727179e-05  -1.3154936e-04  -2.7856586e-05  -2.3800086e-06  -2.1254132e-07   1.7209669e-06   3.0430717e-06   1.2145481e-06   3.2398983e-03  -1.6802436e-03  -1.1323151e-02  -8.4036562e-04   3.9472347e-06   4.9775859e-07   3.7625702e-06   2.3652360e-06  -2.1814099e-06  -4.9115588e-04  -1.7933094e-03  -5.2977595e-04   1.0245796e-03   1.2960249e-06  -2.9929909e-06  -7.3908715e-07   1.6743422e-06  -2.2347550e-07  -1.1946415e-03  -6.7054930e-04  -2.2433481e-03   9.7628055e-03   1.6473911e-06   3.9333102e-06   2.3311204e-06  -1.1630847e-06  -1.8550717e-06   1.5441313e-03   6.1540765e-04   5.3631975e-03  -9.8108045e-03
  -8.5038583e-04   2.0175435e-04  -3.2304741e-03  -2.8045715e-03  -5.9790566e-04  -4.9189235e-05  -5.2323390e-05  -1.8444418e-05   3.5526757e-05   2.5567843e-03  -7.0780273e-04   9.7810368e-03   8.4855843e-03   1.7872524e-03   4.2703709e-05  -1.6303616e-05  -1.9869991e-06  -9.8055173e-05  -4.6597112e-04   1.1190499e-04  -1.7772538e-03  -1.5410223e-03  -3.3021494e-04   6.5789998e-05   9.4823629e-05   1.5413893e-05   1.3194778e-05  -7.4243390e-05   2.0032550e-05  -2.9121190e-04  -2.4969455e-04  -5.3922135e-05  -6.1719241e-05   2.4729034e-05   8.4104456e-05  -2.8013344e-05  -1.4633603e-05   2.4272009e-06  -5.1850611e-05  -4.3948610e-05  -8.5770394e-06   3.1403068e-05  -4.9528476e-05   5.4877509e-05   3.7376436e-05  -2.7433996e-05   6.8568654e-06   2.9630438e-05   3.3314864e-05   1.1612363e-05   2.2765022e-03  -1.1843453e-03  -1.5085336e-03  -5.8802392e-03   4.6184681e-05   9.2206879e-07   4.3034157e-05   2.8369293e-05  -2.5623979e-05   5.1501589e-04  -8.3644561e-03  -2.6592009e-03  -4.2473188e-03   1.4630772e-05  -3.4531731e-05   8.4355239e-06   1.6749394e-06  -7.1301647e-06   1.1746791e-03  -4.6513767e-04   2.3181282e-03   1.4002803e-04   1.9038278e-05   3.9812627e-05   5.3525055e-06   5.7060482e-06  -1.2834836e-05   2.4210872e-03  -3.1529511e-03  -6.0583375e-03   2.2468564e-03
   8.8304765e-04  -2.3810419e-04  -2.7978866e-03  -3.1866137e-03   5.8844762e-04  -4.2890907e-05  -3.4407383e-05  -1.1750484e-05   3.1748144e-05  -2.5634869e-03   6.9718922e-04   8.4855843e-03   9.6378608e-03  -1.8092435e-03   3.9088304e-05  -1.2896782e-05  -3.8457229e-06  -7.6481725e-05   4.8821589e-04  -1.2951802e-04  -1.5356037e-03  -1.7549981e-03   3.2224231e-04   5.1292212e-05   8.1968915e-05   1.7939460e-05   1.0943379e-05   7.9526565e-05  -1.8631587e-05  -2.4614790e-04  -2.9021937e-04   5.0666769e-05  -5.0725574e-05   1.7684716e-05   6.6847037e-05  -2.9682065e-05   1.2697858e-05  -4.2023411e-06  -4.3038962e-05  -5.1404938e-05   9.4082327e-06   3.2061834e-05  -4.5997960e-05   5.2556719e-05   3.1405632e-05   2.7240235e-05  -6.2606442e-06  -2.7817213e-05  -3.6667228e-05  -1.2421105e-05   2.2618164e-03  -1.3079559e-03  -2.7335883e-03  -8.1540072e-03  -4.7736072e-05   4.5593344e-07  -3.7668188e-05  -3.4320728e-05   2.4292444e-05   1.6450897e-03  -6.3996074e-03  -2.4447928e-03  -2.0571173e-03  -1.4684137e-05   3.6124230e-05  -7.4282079e-06  -3.2270138e-06   6.4303519e-06  -2.5134654e-03  -8.8306816e-04   4.8777769e-03  -7.9638751e-04  -1.9827072e-05  -4.1008036e-05  -4.0759430e-06  -6.1640503e-06   1.2876972e-05  -2.0447089e-05  -3.2618740e-03  -4.8466762e-03  -5.3897926e-05
   1.6808723e-04  -5.7922418e-05  -6.0527435e-04   5.9699021e-04  -5.9268213e-03   2.2385737e-05   3.9889161e-05   4.1158518e-06  -1.6658912e-05  -5.5082033e-04   1.4414532e-04   1.7872524e-03  -1.8092435e-03   1.7789584e-02   4.2857176e-06  -2.4823708e-05  -1.8915405e-05   4.0004659e-05   9.2244433e-05  -3.2113944e-05  -3.3607387e-04   3.2935215e-04  -3.2636676e-03  -4.7583086e-05  -4.5900047e-05   1.2041037e-05   6.3534446e-06   1.5959300e-05  -6.1554360e-06  -5.6398548e-05   5.7462592e-05  -5.3020329e-04   1.3057317e-05  -1.8888428e-05  -2.8307496e-05  -3.0540051e-05   3.0500582e-06  -2.1975703e-06  -9.4872849e-06   1.0731062e-05  -9.3173189e-05   3.4854142e-05  -1.3131032e-05   3.0356751e-05  -6.4794177e-06   5.2235230e-06  -2.1217211e-06  -6.5209943e-06  -7.1171546e-06  -2.1043596e-06   3.5795446e-03   1.3766803e-03  -2.0905767e-03  -1.9957454e-03  -1.0508116e-05  -8.3640785e-07  -9.5108981e-06  -5.9210250e-06   5.9392944e-06  -5.7299424e-03   3.8600356e-03   5.1951970e-03  -8.1372567e-04  -2.9834088e-06   6.8296552e-06  -3.7702855e-06   1.5433452e-06   2.2487099e-06   7.9437541e-03   3.3613634e-03  -1.3369863e-03   7.2075660e-03  -3.2537223e-06  -8.3351357e-06  -3.6414292e-06   9.0654893e-07   3.2932528e-06   7.3619988e-03   3.1815216e-03  -5.2453956e-03   7.2036034e-03
  -1.4924911e-05  -1.3656561e-04   9.9173735e-05   8.8522001e-05   9.6840003e-06  -3.7708358e-03  -2.5790209e-03   3.8282855e-05   2.1108278e-03  -6.1282786e-06  -5.9443693e-05   4.2703709e-05   3.9088304e-05   4.2857176e-06   6.1924893e-03  -1.9717626e-04  -4.8835962e-03   8.8096339e-04  -7.4980188e-06  -7.4970621e-05   5.3339873e-05   5.0026816e-05   5.4119165e-06   1.9723375e-03   5.5547338e-03   3.9388063e-03  -3.3241937e-03  -1.4676712e-06  -1.1654942e-05   1.1011280e-05   5.8145855e-06   8.6980286e-08  -4.4794029e-04  -3.7265998e-03  -1.5045209e-03  -7.5442856e-03  -5.7673864e-07  -1.4595366e-06   3.3761063e-06  -3.6711627e-07  -4.1656169e-07   1.6157279e-03  -3.7342952e-03   4.2353548e-03   5.2635846e-04  -2.4798055e-04  -2.1939221e-03  -7.9580714e-04  -5.8971887e-04  -1.4789208e-03  -4.6592587e-07   1.3576309e-07  -1.0688406e-07   2.4387348e-07  -1.1856879e-03  -1.9726154e-04  -1.3846064e-03  -1.8713542e-03   3.9677809e-03   1.4856264e-07  -1.3215232e-07  -1.0123297e-07   5.3714188e-07  -3.8374752e-03  -6.3727347e-04  -6.7018223e-04   1.3732779e-03  -4.4613061e-03  -1.8320365e-07   9.8107319e-08  -1.0422975e-07   3.1534835e-07  -2.0077723e-03   5.1480517e-04  -2.2615827e-03  -6.8402898e-04  -4.2688894e-03   4.5561780e-07  -1.5576758e-07   6.5880487e-08  -6.8185835e-08
   9.7869053e-05   1.6568327e-04  -2.9726519e-05  -3.6093101e-05  -5.8481981e-05  -3.2493545e-03  -4.6567573e-03   1.4475626e-04   1.0624294e-03   4.3475755e-05   7.2154036e-05  -1.6303616e-05  -1.2896782e-05  -2.4823708e-05  -1.9717626e-04   6.6117356e-03   3.3664631e-03   3.3293039e-03   5.4653530e-05   9.1342743e-05  -1.7563875e-05  -1.8734196e-05  -3.2169040e-05   5.5677504e-03   3.2896617e-03  -1.9945127e-03  -5.5076642e-03   8.7283167e-06   1.4261716e-05  -3.8498251e-06  -1.9948403e-06  -4.8109689e-06   3.6056414e-03  -4.3920940e-04  -5.1545543e-03   5.8321094e-03   1.5595305e-06   2.1623289e-06  -9.2009384e-07   3.9183717e-08  -6.7219068e-07  -3.2835161e-03   1.1794561e-04  -3.7985907e-03  -6.6344491e-04  -3.2899437e-03   7.0980599e-04   3.2127932e-03   3.6106636e-03   2.9841527e-03  -1.0334720e-07  -4.3497887e-07   1.3869997e-07  -9.1863623e-08   1.2939661e-03  -7.2843246e-04   1.3489440e-03   1.6173824e-03  -3.4865198e-03  -4.0544281e-07   1.3790684e-07   2.0805359e-07   1.3684601e-08   3.3164966e-03  -4.0983857e-03   1.3577060e-03  -8.2814379e-04   3.9914571e-03  -1.0070812e-07  -2.5728522e-07   1.8746912e-07  -1.5428732e-07   2.9772514e-03   4.9922664e-03   2.5392808e-04  -8.3499634e-04   2.7795443e-03  -7.7376003e-08   4.4883749e-07  -6.0685970e-08   1.2105106e-07
   7.5025869e-05   1.0306600e-04  -4.0112443e-06  -9.3355670e-06  -4.3468473e-05  -1.8592827e-04  -8.3157209e-04  -1.3915862e-03  -1.0378569e-03   3.2941490e-05   4.5251944e-05  -1.9869991e-06  -3.8457229e-06  -1.8915405e-05  -4.8835962e-03   3.3664631e-03   1.0330575e-02  -9.2378254e-04   4.1289231e-05   5.6794376e-05  -2.2705664e-06  -5.2228599e-06  -2.4001211e-05   3.9431632e-03  -1.9755431e-03  -5.6659791e-03   4.6741928e-04   6.8283686e-06   7.7800210e-06  -4.0829425e-06   2.9622723e-06  -2.4614307e-06   9.4803348e-04   5.5248127e-03  -1.7302322e-04   1.2924648e-02   9.4099540e-07   2.1252796e-06   1.0059625e-06  -1.3819354e-06  -9.9502653e-07   4.3861348e-03  -3.1420332e-03   8.9455228e-04   1.8184017e-03  -2.8055756e-03   1.4940261e-03   1.9748431e-03   2.5106587e-03   2.0744295e-03  -8.6225506e-08  -1.9100218e-07  -5.3928307e-07  -4.3547105e-07  -2.3044962e-05  -6.8719025e-04  -1.9117627e-04   6.0014419e-05  -1.4803024e-03  -2.8132582e-07  -1.5134734e-07   4.1462557e-07  -7.0936373e-07   2.2832219e-03  -2.6204491e-03   2.3549474e-04  -1.0673063e-03   1.9866914e-03  -5.7437186e-08  -1.6130422e-07  -3.5075788e-07  -3.7076367e-07   9.3807089e-04   2.6470189e-03   1.0573241e-04  -3.9705080e-04   1.8679947e-03  -3.8740998e-08   1.8237767e-07   8.5329082e-07   3.3611642e-07
  -1.6122944e-04   4.7229533e-05  -2.1675990e-04  -1.8117451e-04   8.9039915e-05   7.1786301e-04   2.0893956e-03   1.3344563e-03  -2.2792692e-03  -7.0535147e-05   1.9905268e-05  -9.8055173e-05  -7.6481725e-05   4.0004659e-05   8.8096339e-04   3.3293039e-03  -9.2378254e-04   1.3202673e-02  -8.9486162e-05   2.6340452e-05  -1.1631166e-04  -1.0250399e-04   4.8383073e-05  -3.2971491e-03  -5.5276199e-03   4.2132584e-04  -6.2560367e-03  -1.4665752e-05   4.3444066e-06  -1.8802903e-05  -1.7200763e-05   7.9202213e-06   7.6920935e-03  -5.4011088e-03  -1.3024438e-02  -2.5157093e-05  -2.5388444e-06   1.2794138e-06  -2.4972970e-06  -3.8557181e-06   1.0074444e-06   1.4630730e-03  -1.3540527e-03   2.2308121e-04  -2.8179402e-03   6.3488791e-03  -3.6212646e-03  -2.7488869e-03  -4.9471223e-03   1.0025000e-04  -1.6012982e-07   3.0377751e-07   2.4187635e-07  -3.4720696e-07  -4.4470832e-03   4.2493003e-04  -2.0456744e-03   9.1679515e-05  -3.3139923e-03  -2.0591681e-07   5.0689442e-07   4.8372085e-07   4.4997490e-07   1.4796009e-03   4.7175838e-03   2.3917330e-03   2.2168986e-04   9.9476810e-03  -1.5981233e-07   2.9658325e-07   2.3504225e-07  -1.4383759e-07   3.6364624e-03  -2.7895478e-03   9.9435793e-04  -1.8947126e-03   7.4232970e-03   1.9261263e-07  -9.9185987e-08  -6.0181455e-09   3.9920143e-07
  -7.2658257e-03  -6.6903593e-05  -1.0562889e-03   1.0945729e-03   2.0951964e-04  -4.9278622e-05  -8.4515093e-05  -9.4011258e-06   3.9274117e-05  -3.1781407e-03  -3.0308364e-05  -4.6597112e-04   4.8821589e-04   9.2244433e-05  -7.4980188e-06   5.4653530e-05   4.1289231e-05  -8.9486162e-05   1.5929192e-02   2.0498847e-04   2.3549435e-03  -2.3478742e-03  -5.0991583e-04   1.0573287e-04   1.0481156e-04  -2.5615737e-05  -1.2122648e-05  -6.5195867e-04  -6.3113295e-06  -8.5625494e-05   9.1249392e-05   1.6764226e-05  -2.9917577e-05   4.2061952e-05   6.3663587e-05   6.5083330e-05  -1.1413358e-04  -6.0972719e-07  -1.5517561e-05   1.4424498e-05   2.9821581e-06  -7.4396875e-05   2.6729328e-05  -6.4087950e-05   1.5495782e-05  -5.7967923e-06   2.1082635e-06   6.4705747e-06   4.7353343e-06   1.9373171e-06  -5.6636590e-03  -9.2787924e-03  -1.1202092e-03  -6.6971749e-04   7.4157660e-06   8.2407037e-07   8.9956816e-06   2.8259017e-06  -5.0376820e-06  -7.1584214e-03  -3.8089302e-03   2.6034093e-03   8.4034355e-03   2.8760043e-06  -5.6831731e-06   1.9017754e-06  -9.8512731e-07  -1.5925113e-06   3.6004030e-05   5.3459452e-03   5.2102726e-03  -2.6869720e-03   2.5711955e-06   6.7662953e-06   2.0692065e-06   6.2544025e-08  -2.1564101e-06   1.3922361e-03   1.4556580e-03   1.0037977e-03  -4.3132062e-04
  -6.3887970e-05  -7.5431190e-03   2.6837166e-04  -3.1518137e-04  -7.6649560e-05   8.9065315e-06  -3.8506136e-05   1.3228666e-05  -2.6257728e-06  -2.5990364e-05  -3.3034992e-03   1.1190499e-04  -1.2951802e-04  -3.2113944e-05  -7.4970621e-05   9.1342743e-05   5.6794376e-05   2.6340452e-05   2.0498847e-04   1.6598427e-02  -6.4261967e-04   6.2631999e-04   1.2686683e-04   3.9070772e-05  -8.7064274e-06  -5.7902449e-05  -3.3270107e-05  -7.3467499e-06  -6.7415018e-04   3.4142737e-05  -3.5419786e-05  -9.1233650e-06   5.1118450e-05   1.9170333e-05  -3.9394538e-05   1.2776144e-04  -1.2584368e-06  -1.1691251e-04   5.9407208e-06  -7.2597653e-06  -1.8349047e-06  -1.4387124e-04   1.0930771e-04  -1.6567473e-04  -3.4827470e-05   9.6896399e-07  -3.2478305e-07  -1.5204778e-06  -2.4046843e-06  -4.8574612e-07  -3.0119338e-03   3.5034808e-03   5.1339444e-03  -3.9198526e-04  -4.3869421e-06  -4.9912400e-07  -3.0482172e-06  -3.8003457e-06   2.0643545e-06  -2.7322247e-03  -2.8577914e-03   2.4742069e-04   1.2913060e-03  -1.7372608e-06   1.4934992e-06   4.8244548e-07  -1.7987514e-06   4.3097939e-07  -7.2601327e-03  -8.5939169e-03   5.8536244e-04  -1.4280338e-03  -8.2205299e-07  -1.8997602e-06  -1.7346264e-06   4.3214015e-07   1.0788457e-06   8.6341699e-03   8.4911491e-03  -1.4790738e-03   1.3577059e-03
  -1.0469046e-03   2.7667392e-04  -4.0599151e-03  -3.5239768e-03  -7.6489899e-04  -6.6111140e-05  -6.3078393e-05  -1.9498587e-05   4.9408071e-05  -4.5354497e-04   1.2265476e-04  -1.7772538e-03  -1.5356037e-03  -3.3607387e-04   5.3339873e-05  -1.7563875e-05  -2.2705664e-06  -1.1631166e-04   2.3549435e-03  -6.4261967e-04   8.9632707e-03   7.7748256e-03   1.6261428e-03   8.0251030e-05   1.2011330e-04   2.1773541e-05   1.5960161e-05  -9.5985073e-05   2.3327558e-05  -3.5854293e-04  -3.1939822e-04  -6.8789908e-05  -7.5079448e-05   2.8625899e-05   1.0106809e-04  -3.6086409e-05  -1.7855423e-05   3.7905491e-06  -6.3320732e-05  -5.6925901e-05  -1.1552946e-05   3.9145021e-05  -6.2807039e-05   6.8937896e-05   4.5856149e-05   1.7235190e-05  -3.1813607e-06  -1.7722032e-05  -2.1123527e-05  -7.6557393e-06   2.9485162e-03   5.4755619e-03   1.3722632e-03   1.1852097e-03  -2.8327482e-05   7.7843331e-07  -2.1399203e-05  -2.1180749e-05   1.3906752e-05  -6.2325525e-03  -4.0992906e-03   2.0681546e-03   6.8962437e-03  -8.5440448e-06   2.2164398e-05  -4.5485402e-06  -1.9744889e-06   3.8385953e-06   1.1887713e-03   2.3911862e-04  -2.6761698e-04  -2.4953726e-04  -1.2307919e-05  -2.5121959e-05  -1.1796114e-06  -4.4264360e-06   7.5733300e-06  -4.5871286e-03  -1.6200207e-03   3.3499781e-03   4.0534860e-04
   1.0866537e-03  -3.2337573e-04  -3.5279250e-03  -4.0122910e-03   7.5453333e-04  -4.9638501e-05  -4.7176579e-05  -1.9510463e-05   3.5569544e-05   4.7732275e-04  -1.4085022e-04  -1.5410223e-03  -1.7549981e-03   3.2935215e-04   5.0026816e-05  -1.8734196e-05  -5.2228599e-06  -1.0250399e-04  -2.3478742e-03   6.2631999e-04   7.7748256e-03   8.8226592e-03  -1.6543631e-03   6.7770498e-05   1.0200522e-04   1.9405685e-05   1.3260319e-05   9.7024088e-05  -2.9815394e-05  -3.1639490e-04  -3.5786528e-04   6.7972286e-05  -6.5763591e-05   2.4221030e-05   8.7905314e-05  -3.6517699e-05   1.6284263e-05  -5.3560022e-06  -5.5998387e-05  -6.2991345e-05   1.2187995e-05   4.0338820e-05  -5.7700482e-05   6.6013693e-05   4.0317326e-05  -1.5969907e-05   4.6666778e-06   1.6965013e-05   2.1673803e-05   7.0820747e-06   3.5248439e-03   7.1661799e-03   1.7416887e-03   1.8406828e-03   2.8634820e-05   7.4653561e-07   2.6813533e-05   1.7352748e-05  -1.6093808e-05  -4.6362996e-03  -2.7882180e-03   2.2059880e-03   4.3346810e-03   9.2326572e-06  -2.0933607e-05   4.9893510e-06   1.1162455e-06  -4.3178220e-06  -4.0326408e-04  -3.2452777e-03  -2.4388234e-03   2.2057626e-03   1.1280345e-05   2.4048819e-05   4.3571160e-06   2.7865759e-06  -7.9798418e-06  -4.8086622e-03  -2.4742121e-03   2.0140178e-03   2.3286530e-03
   2.0619898e-04  -7.8077289e-05  -7.6043347e-04   7.4937946e-04  -7.4532531e-03   2.9137390e-05   4.8966105e-05   4.4345844e-06  -2.3316112e-05   8.7804756e-05  -3.3899644e-05  -3.3021494e-04   3.2224231e-04  -3.2636676e-03   5.4119165e-06  -3.2169040e-05  -2.4001211e-05   4.8383073e-05  -5.0991583e-04   1.2686683e-04   1.6261428e-03  -1.6543631e-03   1.6280009e-02  -5.9321040e-05  -5.8348922e-05   1.4790549e-05   7.3534622e-06   2.0189270e-05  -6.8187162e-06  -7.3974501e-05   7.1722128e-05  -6.6554816e-04   1.5618470e-05  -2.3124948e-05  -3.4102459e-05  -3.8271307e-05   3.8102068e-06  -1.4511293e-06  -1.2671785e-05   1.3397415e-05  -1.1620486e-04   4.3962768e-05  -1.6440599e-05   3.8460349e-05  -8.0052430e-06  -2.9604064e-06   7.3106671e-07   3.6398503e-06   5.1846606e-06   1.4089866e-06   4.0675781e-03   6.3852684e-03   1.7929245e-03  -2.3476999e-03   7.3048678e-06  -1.3685012e-07   3.8408031e-06   6.6260915e-06  -3.1047495e-06   1.8432599e-03  -1.7133638e-03  -4.3504835e-03   3.7158519e-04   1.9241973e-06  -4.5441802e-06   2.1569267e-06  -6.1563197e-08  -1.2451685e-06   4.6210814e-03   5.5276094e-03   3.0877200e-03  -8.3385588e-03   2.4228134e-06   5.3384908e-06   1.1052478e-06   2.3678005e-07  -1.8354484e-06   2.5986911e-03   5.3301879e-03   4.1849572e-03  -7.9790563e-03
   1.9052739e-04   7.1415857e-05   1.5024204e-04   1.1878816e-04  -1.0871413e-04  -6.1349067e-03  -7.5380598e-03  -1.0288070e-03   3.2630177e-03   8.3174316e-05   3.1406586e-05   6.5789998e-05   5.1292212e-05  -4.7583086e-05   1.9723375e-03   5.5677504e-03   3.9431632e-03  -3.2971491e-03   1.0573287e-04   3.9070772e-05   8.0251030e-05   6.7770498e-05  -5.9321040e-05   9.7106538e-03   9.0759077e-03  -1.3615141e-03  -4.1485982e-03   1.7203153e-05   6.4627004e-06   1.3731908e-05   1.0606890e-05  -1.0002630e-05  -5.0609865e-04   1.7149980e-03   6.6109510e-04   4.8490257e-03   2.9644148e-06   2.1317234e-06   4.2314045e-06  -2.0183487e-08  -2.4075020e-06  -1.0244098e-03  -3.0232262e-03  -3.0308848e-04   1.8554335e-03  -7.4845628e-03   1.4777433e-03   4.5435026e-03   6.3696794e-03   2.4394704e-03  -4.3784461e-07   3.4398745e-07  -1.3738960e-07   8.9358789e-08   2.6018158e-03  -1.2868923e-03   1.2352567e-03   1.5031208e-04   7.0885245e-04   3.2560195e-07   1.6759360e-07   8.8161226e-08   3.5599558e-07   4.4771001e-04  -7.6231045e-03  -3.3451127e-04  -2.9732550e-04  -3.7580513e-03  -2.4162126e-07   3.6395782e-07  -5.1958833e-08   5.6188145e-09  -1.4897168e-04   7.4042713e-03  -1.8388960e-03  -4.5387874e-04  -3.5182231e-03   6.2032834e-07  -4.0604399e-07   2.7441152e-07   1.0817183e-07
   1.8906943e-04  -1.5311064e-05   2.2255794e-04   1.8198853e-04  -1.0704099e-04  -7.1322283e-03  -8.2884347e-03  -6.2132406e-04   4.7895510e-03   8.3183578e-05  -7.2963358e-06   9.4823629e-05   8.1968915e-05  -4.5900047e-05   5.5547338e-03   3.2896617e-03  -1.9755431e-03  -5.5276199e-03   1.0481156e-04  -8.7064274e-06   1.2011330e-04   1.0200522e-04  -5.8348922e-05   9.0759077e-03   1.2625669e-02   2.1752043e-03  -3.8567700e-03   1.6315112e-05  -1.7242370e-06   2.0996874e-05   1.5337722e-05  -9.8281402e-06  -2.7094782e-03  -6.5073990e-04   3.2095674e-03  -3.0765397e-03   2.8040246e-06  -1.1047861e-06   2.7669589e-06   3.6859411e-06  -1.3209730e-06  -3.2924448e-03  -1.9578068e-03   1.0255903e-05   1.6785718e-03  -7.6703212e-03   1.0951162e-03   4.0992137e-03   6.2119640e-03   1.1468705e-03   1.5823343e-07  -4.9631043e-07   2.2382293e-07  -2.2732326e-07   3.3960714e-03  -1.1046140e-03   1.5281593e-03  -2.6230546e-04   2.9604808e-03  -2.4748588e-07   3.9408457e-07  -3.5947067e-08  -3.2372166e-07  -1.7648556e-03  -7.6397736e-03  -1.1001411e-03   4.5930302e-04  -7.8535495e-03   1.9566473e-07  -1.1352626e-07   2.4277251e-07  -2.4609447e-07  -1.7910524e-03   6.9704430e-03  -2.6017907e-03  -7.2418141e-07  -6.9763361e-03  -2.4596346e-07   7.4675391e-07  -4.2699612e-07   1.7569227e-07
  -4.5856687e-05  -1.0540254e-04   3.8231739e-05   3.7385638e-05   2.7062771e-05  -8.9306063e-04  -3.0245399e-05   4.8579599e-04   9.4303367e-04  -1.9309624e-05  -4.5904290e-05   1.5413893e-05   1.7939460e-05   1.2041037e-05   3.9388063e-03  -1.9945127e-03  -5.6659791e-03   4.2132584e-04  -2.5615737e-05  -5.7902449e-05   2.1773541e-05   1.9405685e-05   1.4790549e-05  -1.3615141e-03   2.1752043e-03   3.5978677e-03  -7.6649117e-04  -4.6283312e-06  -9.8934954e-06   3.1861888e-06   3.4917961e-06   2.7302649e-06  -8.1883617e-04  -3.2346596e-03  -4.6098147e-05  -7.8165911e-03  -8.7477541e-07  -7.6961112e-07   2.6222372e-06  -1.4197053e-06  -3.0615535e-07  -3.9314052e-04  -3.8185907e-04   1.7724897e-03  -3.6699987e-04   1.3753373e-03  -1.4592849e-03  -1.4150054e-03  -1.6059103e-03  -1.6202200e-03  -1.3790675e-07  -5.2920020e-08  -5.4348187e-07  -2.8558430e-07  -6.7949702e-04   2.5635962e-04  -6.6292930e-04  -9.2337064e-04   2.3552073e-03   2.6495162e-07  -3.6157199e-07   3.6544626e-07  -5.4666987e-07  -2.5806017e-03   1.2485484e-03  -4.6226543e-04   9.7158367e-04  -2.6543153e-03  -1.0403636e-07  -1.2195030e-08  -3.0425905e-07  -3.3791579e-07  -1.3794551e-03  -1.3866062e-03  -8.8708646e-04  -4.5593325e-05  -2.4286476e-03   3.9845939e-07  -1.1348283e-07   7.1372734e-07   1.5914309e-07
  -2.1755640e-05  -6.1784219e-05   2.7003409e-05   2.6667288e-05   1.4276057e-05   4.1063298e-03   4.1678292e-03  -4.9318658e-04  -1.2824752e-03  -1.0336569e-05  -2.7693715e-05   1.3194778e-05   1.0943379e-05   6.3534446e-06  -3.3241937e-03  -5.5076642e-03   4.6741928e-04  -6.2560367e-03  -1.2122648e-05  -3.3270107e-05   1.5960161e-05   1.3260319e-05   7.3534622e-06  -4.1485982e-03  -3.8567700e-03  -7.6649117e-04   7.3186549e-03  -2.6947252e-06  -5.3199293e-06   4.5404998e-06  -1.9307901e-07   6.8619365e-07  -4.3450314e-03   3.7019073e-03   7.8418177e-03  -1.5770177e-04  -3.1227355e-07  -7.2595012e-07   7.0316701e-07   5.5114395e-08   5.0820093e-08   1.2959935e-03   2.0910231e-03   5.8577997e-04   9.7191632e-04   8.5840387e-04   1.5483264e-03  -1.2053165e-03  -1.0296110e-03  -1.4132500e-03  -3.0360219e-07   1.5526513e-08   3.6339190e-07  -5.6094139e-07   7.8749709e-04   5.1063357e-04   2.3209059e-04  -2.5303456e-04   1.3464558e-03  -1.6267243e-07   1.2026351e-07   5.6410252e-07   2.7439598e-09  -8.0439445e-04   2.0663853e-03  -1.2566693e-03  -1.7038769e-04  -3.1420143e-03  -2.8431487e-07  -6.1541810e-08   2.9135127e-07  -2.3861960e-07  -2.0630529e-03  -3.1479352e-03   7.1261379e-04   1.4321550e-03  -1.7135700e-03   3.9011869e-07   1.3121406e-08  -4.1059933e-07   5.2263360e-07
  -1.1851175e-03  -1.5078775e-05  -1.7290144e-04   1.7798851e-04   3.6379784e-05  -8.0956662e-06  -1.4649322e-05  -1.8519779e-06   5.0045190e-06  -5.1941627e-04  -8.3771891e-06  -7.4243390e-05   7.9526565e-05   1.5959300e-05  -1.4676712e-06   8.7283167e-06   6.8283686e-06  -1.4665752e-05  -6.5195867e-04  -7.3467499e-06  -9.5985073e-05   9.7024088e-05   2.0189270e-05   1.7203153e-05   1.6315112e-05  -4.6283312e-06  -2.6947252e-06   1.9824900e-02   2.4105229e-04   2.9122215e-03  -2.9359108e-03  -6.1954237e-04  -4.6187362e-06   7.1348742e-06   1.0319709e-05   1.1325494e-05  -1.8122741e-05  -5.8006427e-07  -2.7044737e-06   2.6128213e-06   5.6451863e-07  -1.2141723e-05   4.4711488e-06  -1.0449261e-05   2.4222068e-06  -1.0161029e-05   2.6656314e-06   1.1356200e-05   1.1452213e-05   4.3273695e-06  -4.7022063e-03   2.8509495e-03   6.9751550e-03  -2.9509247e-03   1.7371367e-05   2.7739221e-07   1.3091762e-05   1.3155203e-05  -9.4668648e-06   6.0841765e-03  -1.9793936e-04  -9.2648793e-03   7.3090073e-03   6.8502859e-06  -1.2215435e-05   1.1713616e-06   2.5297224e-06  -1.2569538e-06   4.9871182e-04   4.6087828e-03   7.2705885e-04   1.1116556e-02   6.7346868e-06   1.3872416e-05   2.0906883e-06   2.2800216e-06  -3.5551219e-06  -4.2138713e-04   8.0852247e-04  -1.1240817e-03   1.0646759e-03
  -9.3145245e-06  -1.2252093e-03   4.3403411e-05  -5.0357952e-05  -1.2909276e-05   2.3615432e-06  -6.5224182e-06   5.9510217e-07  -4.6772999e-07  -1.8376391e-06  -5.3714399e-04   2.0032550e-05  -1.8631587e-05  -6.1554360e-06  -1.1654942e-05   1.4261716e-05   7.7800210e-06   4.3444066e-06  -6.3113295e-06  -6.7415018e-04   2.3327558e-05  -2.9815394e-05  -6.8187162e-06   6.4627004e-06  -1.7242370e-06  -9.8934954e-06  -5.3199293e-06   2.4105229e-04   2.0645827e-02  -7.9173425e-04   7.9538290e-04   1.6816027e-04   8.2309540e-06   3.0811927e-06  -6.2414998e-06   2.0177285e-05  -1.3346564e-06  -1.9704984e-05   8.0375739e-07  -1.3429255e-06   3.1287183e-07  -2.3610048e-05   1.8128859e-05  -2.6739148e-05  -5.7883158e-06   3.1967771e-06  -3.4545349e-07  -5.3703618e-06  -1.1131005e-06  -6.1799992e-07   2.5746956e-03   3.9221005e-03  -3.9991369e-04   1.2560784e-02  -6.4200493e-06  -8.8956745e-07  -5.5943613e-06  -4.4611855e-06   3.5549130e-06   1.1568880e-05   6.9523648e-04   1.3730954e-04   8.0164782e-04  -1.9934079e-06   3.1133870e-06  -1.0671557e-06  -7.3384654e-07   5.3759365e-07  -4.3238642e-03   4.6192133e-03   8.3681090e-03   1.4819911e-03  -2.7615237e-06  -4.3107167e-06  -6.9229935e-07  -1.3161742e-06   1.3835155e-06   3.6565232e-03  -5.3759090e-03  -8.7835733e-03  -4.1277635e-03
  -1.5570778e-04   5.9449833e-05  -6.5553272e-04  -5.7026475e-04  -1.3280852e-04  -8.6001470e-06  -9.3638583e-06  -6.1238486e-06   1.0918907e-05  -6.8640004e-05   2.3083254e-05  -2.9121190e-04  -2.4614790e-04  -5.6398548e-05   1.1011280e-05  -3.8498251e-06  -4.0829425e-06  -1.8802903e-05  -8.5625494e-05   3.4142737e-05  -3.5854293e-04  -3.1639490e-04  -7.3974501e-05   1.3731908e-05   2.0996874e-05   3.1861888e-06   4.5404998e-06   2.9122215e-03  -7.9173425e-04   1.1137892e-02   9.6572399e-03   2.0376362e-03  -1.3076202e-05   3.9999182e-06   1.7540411e-05  -8.7827832e-06  -2.1534781e-06   1.7688012e-06  -8.9562038e-06  -9.9743407e-06  -2.6153771e-06   6.1219524e-06  -1.0041644e-05   1.1714061e-05   7.4749355e-06   3.1835486e-05  -7.3435039e-06  -3.5383272e-05  -4.0526794e-05  -1.4793774e-05   3.2515541e-03  -1.3139836e-03  -5.5196084e-03   3.0386839e-03  -5.6399242e-05  -4.0316053e-07  -4.9907873e-05  -3.8464507e-05   3.2474559e-05   4.3580175e-03   1.8622638e-04  -7.2030123e-03   5.5116506e-03  -1.9348913e-05   4.1505283e-05  -1.0504202e-05  -2.9318059e-06   4.7294922e-06  -6.5657056e-04  -1.5076339e-04  -3.8759131e-04  -1.3584840e-03  -2.4747264e-05  -4.8489156e-05  -8.1521373e-06  -5.3566979e-06   1.3066603e-05   2.9704189e-04   3.8012634e-03   1.0460620e-03   7.7693228e-03
