   6.2258301e-02   3.0534282e-03  -8.4781497e-03  -1.1907806e-02  -8.8005578e-03  -7.3010882e-03   1.8040531e-02   4.7249438e-03   5.0120932e-03  -1.0034017e-02  -1.5205799e-02   6.1051625e-03  -1.1427055e-02   8.6984116e-03   7.2764754e-03  -7.1914765e-03
   3.0534282e-03   6.3051744e-02   1.9563516e-04  -8.6416760e-03   8.4995695e-04  -9.4254675e-03  -2.0324859e-03   2.1720477e-02  -2.2985992e-03   6.6447385e-03  -4.3257342e-03  -1.8989603e-02  -5.7114078e-03  -1.4548492e-02  -4.6320414e-02   7.2764754e-03
  -8.4781497e-03   1.9563516e-04   6.3051744e-02   4.7326613e-03  -2.2784072e-03   3.1140934e-03  -9.4254675e-03  -9.6243220e-03   7.7824759e-04   3.3521938e-03   6.6447385e-03  -1.1541469e-02   4.5906584e-03   4.7605119e-02  -1.4548492e-02   8.6984116e-03
  -1.1907806e-02  -8.6416760e-03   4.7326613e-03   6.1844908e-02   6.0260233e-03  -3.4369869e-03   1.2821654e-03  -9.4254675e-03  -6.4742241e-03   1.1739890e-03  -3.4674465e-03   6.6447384e-03   1.0246468e-02   4.5906585e-03  -5.7114078e-03  -1.1427055e-02
  -8.8005578e-03   8.4995695e-04  -2.2784072e-03   6.0260233e-03   6.3051744e-02   4.7326613e-03  -8.6416761e-03  -1.5118071e-02   1.3747965e-03   1.4817225e-03   6.7474452e-03   4.2229695e-02   6.6447384e-03  -1.1541469e-02  -1.8989603e-02   6.1051626e-03
  -7.3010882e-03  -9.4254675e-03   3.1140934e-03  -3.4369869e-03   4.7326613e-03   6.1844908e-02   2.9511608e-04  -8.6416760e-03  -6.9969069e-03   2.0738880e-03   8.8176280e-03   6.7474452e-03  -3.4674466e-03   6.6447385e-03  -4.3257342e-03  -1.5205799e-02
   1.8040531e-02  -2.0324859e-03  -9.4254675e-03   1.2821654e-03  -8.6416761e-03   2.9511608e-04   6.1844908e-02   4.7326613e-03  -2.8795360e-04  -7.8385747e-03   2.0738880e-03   1.4817225e-03   1.1739890e-03   3.3521938e-03   6.6447385e-03  -1.0034017e-02
   4.7249438e-03   2.1720477e-02  -9.6243220e-03  -9.4254675e-03  -1.5118071e-02  -8.6416760e-03   4.7326613e-03   6.3051744e-02  -3.4962274e-02  -2.8795360e-04  -6.9969069e-03   1.3747965e-03  -6.4742241e-03   7.7824759e-04  -2.2985992e-03   5.0120932e-03
   5.0120932e-03  -2.2985992e-03   7.7824759e-04  -6.4742241e-03   1.3747965e-03  -6.9969069e-03  -2.8795360e-04  -3.4962274e-02   6.3051744e-02   4.7326613e-03  -8.6416760e-03  -1.5118071e-02  -9.4254675e-03  -9.6243220e-03   2.1720477e-02   4.7249438e-03
  -1.0034017e-02   6.6447385e-03   3.3521938e-03   1.1739890e-03   1.4817225e-03   2.0738880e-03  -7.8385747e-03  -2.8795360e-04   4.7326613e-03   6.1844908e-02   2.9511608e-04  -8.6416761e-03   1.2821654e-03  -9.4254675e-03  -2.0324859e-03   1.8040531e-02
  -1.5205799e-02  -4.3257342e-03   6.6447385e-03  -3.4674465e-03   6.7474452e-03   8.8176280e-03   2.0738880e-03  -6.9969069e-03  -8.6416760e-03   2.9511608e-04   6.1844908e-02   4.7326613e-03  -3.4369869e-03   3.1140934e-03  -9.4254675e-03  -7.3010882e-03
   6.1051625e-03  -1.8989603e-02  -1.1541469e-02   6.6447384e-03   4.2229695e-02   6.7474452e-03   1.4817225e-03   1.3747965e-03  -1.5118071e-02  -8.6416761e-03   4.7326613e-03   6.3051744e-02   6.0260233e-03  -2.2784072e-03   8.4995695e-04  -8.8005578e-03
  -1.1427055e-02  -5.7114078e-03   4.5906584e-03   1.0246468e-02   6.6447384e-03  -3.4674466e-03   1.1739890e-03  -6.4742241e-03  -9.4254675e-03   1.2821654e-03  -3.4369869e-03   6.0260233e-03   6.1844908e-02   4.7326613e-03  -8.6416760e-03  -1.1907806e-02
   8.6984116e-03  -1.4548492e-02   4.7605119e-02   4.5906585e-03  -1.1541469e-02   6.6447385e-03   3.3521938e-03   7.7824759e-04  -9.6243220e-03  -9.4254675e-03   3.1140934e-03  -2.2784072e-03   4.7326613e-03   6.3051744e-02   1.9563516e-04  -8.4781497e-03
   7.2764754e-03  -4.6320414e-02  -1.4548492e-02  -5.7114078e-03  -1.8989603e-02  -4.3257342e-03   6.6447385e-03  -2.2985992e-03   2.1720477e-02  -2.0324859e-03  -9.4254675e-03   8.4995695e-04  -8.6416760e-03   1.9563516e-04   6.3051744e-02   3.0534282e-03
  -7.1914765e-03   7.2764754e-03   8.6984116e-03  -1.1427055e-02   6.1051626e-03  -1.5205799e-02  -1.0034017e-02   5.0120932e-03   4.7249438e-03   1.8040531e-02  -7.3010882e-03  -8.8005578e-03  -1.1907806e-02  -8.4781497e-03   3.0534282e-03   6.2258301e-02
