   0.0000000e+00  -3.1154253e-02  -4.8162300e-03  -3.2373925e-02  -8.7251066e-03  -8.3467874e-04  -6.5396121e-02  -7.8569161e-02
   3.1154253e-02   0.0000000e+00   3.8165338e-02   4.8162704e-03   1.6749756e-02   8.7251008e-03  -9.2503604e-02  -1.7713403e-01
   4.8162300e-03  -3.8165338e-02   0.0000000e+00  -3.1516007e-02   1.7544724e-03   4.3403596e-03  -8.2056853e-03  -3.0633326e-04
   3.2373925e-02  -4.8162704e-03   3.1516007e-02   0.0000000e+00   2.4120531e-03   6.1647435e-03   1.6928429e-02   8.2056702e-03
   8.7251066e-03  -1.6749756e-02  -1.7544724e-03  -2.4120531e-03   0.0000000e+00  -3.1516038e-02  -2.7142571e-03  -3.0865573e-02
   8.3467874e-04  -8.7251008e-03  -4.3403596e-03  -6.1647435e-03   3.1516038e-02   0.0000000e+00   3.9518789e-02   2.7143016e-03
   6.5396121e-02   9.2503604e-02   8.2056853e-03  -1.6928429e-02   2.7142571e-03  -3.9518789e-02   0.0000000e+00  -3.1154253e-02
   7.8569161e-02   1.7713403e-01   3.0633326e-04  -8.2056702e-03   3.0865573e-02  -2.7143016e-03   3.1154253e-02   0.0000000e+00
