   6.8640159e-02   8.6885190e-02   7.3206728e-03  -2.4713864e-02   8.0138873e-04  -4.0715214e-02  -1.4855563e-02  -5.0101295e-02
   8.6885190e-02   1.8214004e-01   8.9838813e-03  -7.3206482e-03   3.5456854e-02  -8.0143565e-04   1.1239933e-02  -4.0238255e-02
   7.3206728e-03   8.9838813e-03   6.7200980e-02   8.7894087e-02  -1.3972077e-03  -1.4782410e-03   3.0749066e-03  -3.9207261e-02
  -2.4713864e-02  -7.3206482e-03   8.7894087e-02   1.8201881e-01  -3.8993939e-03  -4.9098344e-03   3.7044222e-02  -3.0749514e-03
   8.0138873e-04   3.5456854e-02  -1.3972077e-03  -3.8993939e-03   6.7200959e-02   8.7894147e-02   8.3308173e-03  -2.4187997e-02
  -4.0715214e-02  -8.0143565e-04  -1.4782410e-03  -4.9098344e-03   8.7894147e-02   1.8201886e-01   9.8331411e-03  -8.3308012e-03
  -1.4855563e-02   1.1239933e-02   3.0749066e-03   3.7044222e-02   8.3308173e-03   9.8331411e-03   6.8640159e-02   8.6885190e-02
  -5.0101295e-02  -4.0238255e-02  -3.9207261e-02  -3.0749514e-03  -2.4187997e-02  -8.3308012e-03   8.6885190e-02   1.8214004e-01
