   0.0000000e+00   8.2545442e-03   2.3626056e-03  -1.4754613e-02  -1.0533756e-04  -1.7498245e-02  -5.8338403e-03   1.0847596e-02   7.2346281e-03   1.6087665e-02  -1.1325994e-02  -1.0135201e-02  -1.5129999e-02  -8.0207929e-03   9.3299710e-03   6.0670876e-02
  -8.2545442e-03   0.0000000e+00  -2.3652298e-03   4.0340473e-03  -2.2158848e-03   1.4534911e-03  -6.7511888e-03  -7.8606294e-03   5.9078111e-04   6.8410191e-03   5.5675454e-03  -1.3151562e-02   4.1339299e-03  -1.7941850e-02  -1.1650492e-02   9.3299710e-03
  -2.3626056e-03   2.3652298e-03   0.0000000e+00   8.2797351e-03  -6.6440581e-04   6.3255016e-03   1.4534911e-03  -2.0998596e-02   2.2420780e-03  -6.2026070e-03   6.8410191e-03   2.0009076e-02   5.3512061e-03   3.8816557e-03  -1.7941850e-02  -8.0207929e-03
   1.4754613e-02  -4.0340473e-03  -8.2797351e-03   0.0000000e+00  -3.6601363e-03  -1.0022609e-03  -3.3426719e-03   1.4534911e-03  -2.7917666e-03   3.3821839e-03   8.9119544e-04   6.8410192e-03   3.2974991e-04   5.3512061e-03   4.1339299e-03  -1.5129999e-02
   1.0533756e-04   2.2158848e-03   6.6440581e-04   3.6601363e-03   0.0000000e+00   8.2797352e-03   4.0340472e-03  -1.7464609e-02   1.9345554e-03  -6.8930443e-03   2.0448818e-03  -2.2315191e-02   6.8410192e-03   2.0009076e-02  -1.3151562e-02  -1.0135201e-02
   1.7498245e-02  -1.4534911e-03  -6.3255016e-03   1.0022609e-03  -8.2797352e-03   0.0000000e+00  -3.5679585e-03   4.0340473e-03  -8.6767003e-04   2.9182852e-03  -5.2295583e-03   2.0448818e-03   8.9119544e-04   6.8410191e-03   5.5675454e-03  -1.1325994e-02
   5.8338403e-03   6.7511888e-03  -1.4534911e-03   3.3426719e-03  -4.0340472e-03   3.5679585e-03   0.0000000e+00   8.2797351e-03   7.0446175e-03   6.6072376e-03   2.9182852e-03  -6.8930443e-03   3.3821839e-03  -6.2026070e-03   6.8410191e-03   1.6087665e-02
  -1.0847596e-02   7.8606294e-03   2.0998596e-02  -1.4534911e-03   1.7464609e-02  -4.0340473e-03  -8.2797351e-03   0.0000000e+00   3.2541575e-02   7.0446175e-03  -8.6767002e-04   1.9345554e-03  -2.7917666e-03   2.2420780e-03   5.9078111e-04   7.2346281e-03
  -7.2346281e-03  -5.9078111e-04  -2.2420780e-03   2.7917666e-03  -1.9345554e-03   8.6767003e-04  -7.0446175e-03  -3.2541575e-02   0.0000000e+00   8.2797351e-03   4.0340473e-03  -1.7464609e-02   1.4534911e-03  -2.0998596e-02  -7.8606294e-03   1.0847596e-02
  -1.6087665e-02  -6.8410191e-03   6.2026070e-03  -3.3821839e-03   6.8930443e-03  -2.9182852e-03  -6.6072376e-03  -7.0446175e-03  -8.2797351e-03   0.0000000e+00  -3.5679585e-03   4.0340472e-03  -3.3426719e-03   1.4534911e-03  -6.7511888e-03  -5.8338403e-03
   1.1325994e-02  -5.5675454e-03  -6.8410191e-03  -8.9119544e-04  -2.0448818e-03   5.2295583e-03  -2.9182852e-03   8.6767002e-04  -4.0340473e-03   3.5679585e-03   0.0000000e+00   8.2797352e-03  -1.0022609e-03   6.3255016e-03   1.4534911e-03  -1.7498245e-02
   1.0135201e-02   1.3151562e-02  -2.0009076e-02  -6.8410192e-03   2.2315191e-02  -2.0448818e-03   6.8930443e-03  -1.9345554e-03   1.7464609e-02  -4.0340472e-03  -8.2797352e-03   0.0000000e+00  -3.6601363e-03  -6.6440581e-04  -2.2158848e-03  -1.0533756e-04
   1.5129999e-02  -4.1339299e-03  -5.3512061e-03  -3.2974991e-04  -6.8410192e-03  -8.9119544e-04  -3.3821839e-03   2.7917666e-03  -1.4534911e-03   3.3426719e-03   1.0022609e-03   3.6601363e-03   0.0000000e+00   8.2797351e-03   4.0340473e-03  -1.4754613e-02
   8.0207929e-03   1.7941850e-02  -3.8816557e-03  -5.3512061e-03  -2.0009076e-02  -6.8410191e-03   6.2026070e-03  -2.2420780e-03   2.0998596e-02  -1.4534911e-03  -6.3255016e-03   6.6440581e-04  -8.2797351e-03   0.0000000e+00  -2.3652298e-03   2.3626056e-03
  -9.3299710e-03   1.1650492e-02   1.7941850e-02  -4.1339299e-03   1.3151562e-02  -5.5675454e-03  -6.8410191e-03  -5.9078111e-04   7.8606294e-03   6.7511888e-03  -1.4534911e-03   2.2158848e-03  -4.0340473e-03   2.3652298e-03   0.0000000e+00   8.2545442e-03
  -6.0670876e-02  -9.3299710e-03   8.0207929e-03   1.5129999e-02   1.0135201e-02   1.1325994e-02  -1.6087665e-02  -7.2346281e-03  -1.0847596e-02   5.8338403e-03   1.7498245e-02   1.0533756e-04   1.4754613e-02  -2.3626056e-03  -8.2545442e-03   0.0000000e+00
